# unix_time, cycles_done, cur_path, paths_total, pending_total, pending_favs, map_size, unique_crashes, unique_hangs, max_depth, execs_per_sec
1585229491, 0, 0, 1, 1, 1, 1.60%, 0, 0, 1, 52.98
1585229501, 0, 0, 3, 3, 1, 1.74%, 0, 0, 2, 59.55
1585229506, 0, 0, 9, 9, 1, 1.85%, 0, 0, 2, 62.75
1585229511, 0, 0, 10, 10, 1, 1.85%, 0, 0, 2, 56.96
1585229516, 0, 0, 11, 11, 1, 1.85%, 0, 0, 2, 70.90
1585229526, 0, 0, 13, 13, 1, 1.85%, 0, 0, 2, 58.04
1585229537, 0, 0, 15, 15, 1, 1.85%, 0, 0, 2, 56.73
1585229547, 0, 0, 17, 17, 1, 1.85%, 0, 0, 2, 56.36
1585229597, 0, 0, 18, 18, 1, 1.85%, 0, 0, 2, 55.13
1585229607, 0, 0, 19, 19, 1, 1.85%, 0, 0, 2, 56.04
1585229628, 0, 0, 20, 20, 1, 1.85%, 0, 0, 2, 56.62
1585229633, 0, 0, 21, 21, 1, 1.86%, 0, 0, 2, 63.03
1585229725, 0, 0, 22, 22, 1, 1.86%, 0, 0, 2, 55.18
1585229760, 0, 0, 23, 23, 1, 1.86%, 0, 0, 2, 63.20
1585229766, 0, 0, 25, 25, 1, 1.86%, 0, 0, 2, 61.50
1585229771, 0, 0, 26, 26, 1, 1.86%, 0, 0, 2, 64.80
1585229965, 0, 0, 28, 28, 1, 1.87%, 0, 0, 2, 65.42
1585229970, 0, 0, 29, 29, 1, 1.87%, 0, 0, 2, 69.35
1585230888, 0, 0, 30, 30, 1, 1.88%, 0, 0, 2, 57.63
1585232211, 0, 0, 34, 34, 1, 1.88%, 0, 0, 2, 66.75
1585232226, 0, 0, 35, 35, 1, 1.88%, 0, 0, 2, 55.30
1585232257, 0, 0, 36, 36, 1, 1.88%, 0, 0, 2, 53.85
1585232545, 0, 0, 38, 38, 1, 1.90%, 0, 0, 2, 54.90
1585232550, 0, 0, 72, 72, 1, 1.90%, 11, 0, 2, 79.64
1585232555, 0, 0, 95, 95, 1, 1.91%, 11, 0, 2, 84.73
1585232560, 0, 0, 104, 104, 1, 1.91%, 12, 0, 2, 79.44
1585232565, 0, 0, 108, 108, 1, 1.91%, 13, 0, 2, 80.56
1585232570, 0, 0, 111, 111, 1, 1.91%, 14, 0, 2, 79.53
1585232576, 0, 0, 114, 114, 1, 1.91%, 18, 0, 2, 82.04
1585232581, 0, 0, 116, 116, 1, 1.91%, 19, 0, 2, 80.46
1585232586, 0, 0, 118, 118, 1, 1.91%, 19, 0, 2, 80.94
1585232591, 0, 0, 121, 121, 1, 1.91%, 19, 0, 2, 80.68
1585232596, 0, 0, 123, 123, 1, 1.91%, 19, 0, 2, 78.96
1585232601, 0, 0, 124, 124, 1, 1.91%, 20, 0, 2, 77.46
1585232612, 0, 0, 125, 125, 1, 1.91%, 20, 0, 2, 78.07
1585232622, 0, 0, 126, 126, 1, 1.91%, 20, 0, 2, 73.84
1585232648, 0, 0, 127, 127, 1, 1.91%, 20, 0, 2, 78.59
1585232663, 0, 0, 128, 128, 1, 1.91%, 20, 0, 2, 79.63
1585232669, 0, 0, 129, 129, 1, 1.91%, 20, 0, 2, 79.91
1585232694, 0, 0, 129, 129, 1, 1.91%, 21, 0, 2, 77.61
1585232715, 0, 0, 130, 130, 1, 1.92%, 21, 0, 2, 76.71
1585232725, 0, 0, 131, 131, 1, 1.93%, 21, 0, 2, 77.16
1585232746, 0, 0, 132, 132, 1, 1.93%, 21, 0, 2, 81.84
1585232751, 0, 0, 132, 132, 1, 1.93%, 22, 0, 2, 83.99
1585232756, 0, 0, 133, 133, 1, 1.93%, 22, 0, 2, 78.90
1585232766, 0, 7, 133, 132, 16, 1.93%, 22, 0, 2, 71.27
1585235384, 0, 22, 133, 131, 16, 1.93%, 22, 0, 2, 111.34
1585235527, 0, 22, 134, 132, 16, 1.93%, 22, 0, 3, 126.89
1585235595, 0, 22, 135, 133, 16, 1.93%, 22, 0, 3, 129.40
1585236665, 0, 22, 135, 133, 16, 1.93%, 23, 0, 3, 125.86
1585236670, 0, 22, 136, 134, 16, 1.93%, 23, 0, 3, 122.62
1585236675, 0, 27, 136, 133, 14, 1.93%, 23, 0, 3, 78.72
1585237223, 0, 27, 137, 134, 14, 1.93%, 23, 0, 3, 52.42
1585239839, 0, 27, 138, 135, 14, 1.93%, 23, 0, 3, 67.39
1585239850, 0, 28, 138, 134, 13, 1.93%, 23, 0, 3, 60.01
1585240394, 0, 28, 139, 135, 13, 1.93%, 23, 0, 3, 53.09
1585243015, 0, 45, 139, 134, 13, 1.93%, 23, 0, 3, 61.11
1585246149, 0, 54, 139, 133, 13, 1.93%, 23, 0, 3, 85.42
1585247282, 0, 54, 141, 135, 13, 1.93%, 23, 0, 3, 99.84
1585247287, 0, 54, 142, 136, 13, 1.93%, 23, 0, 3, 102.41
1585247313, 0, 54, 143, 137, 13, 1.93%, 23, 0, 3, 100.94
1585247323, 0, 54, 144, 138, 13, 1.93%, 23, 0, 3, 100.59
1585247383, 0, 54, 144, 138, 13, 1.93%, 24, 0, 3, 101.06
1585247389, 0, 54, 145, 139, 13, 1.93%, 24, 0, 3, 101.47
1585247409, 0, 54, 146, 140, 13, 1.93%, 24, 0, 3, 102.81
1585247424, 0, 54, 147, 141, 13, 1.93%, 24, 0, 3, 101.73
1585247429, 0, 54, 147, 141, 13, 1.93%, 25, 0, 3, 103.94
1585247439, 0, 62, 147, 140, 12, 1.93%, 25, 0, 3, 113.28
1585248186, 0, 70, 147, 139, 11, 1.93%, 25, 0, 3, 115.81
1585248453, 0, 70, 148, 140, 11, 1.93%, 25, 0, 3, 90.39
1585248935, 0, 78, 148, 139, 11, 1.93%, 25, 0, 3, 120.49
1585249522, 0, 79, 148, 138, 10, 1.93%, 25, 0, 3, 130.78
1585250188, 0, 101, 148, 137, 9, 1.93%, 25, 0, 3, 112.57
1585250803, 0, 101, 149, 138, 9, 1.93%, 25, 0, 3, 99.79
1585250808, 0, 101, 151, 140, 9, 1.93%, 25, 0, 3, 97.58
1585250813, 0, 101, 153, 142, 9, 1.93%, 25, 0, 3, 100.71
1585250828, 0, 101, 154, 143, 9, 1.93%, 25, 0, 3, 101.76
1585250839, 0, 101, 155, 144, 9, 1.93%, 25, 0, 3, 99.02
1585250844, 0, 101, 156, 145, 9, 1.93%, 25, 0, 3, 101.27
1585250890, 0, 101, 157, 146, 9, 1.93%, 25, 0, 3, 103.45
1585250895, 0, 101, 158, 147, 9, 1.93%, 25, 0, 3, 101.79
1585250966, 0, 109, 158, 146, 8, 1.93%, 25, 0, 3, 88.42
1585251033, 0, 109, 159, 147, 8, 1.93%, 25, 0, 3, 92.44
1585251996, 0, 109, 160, 148, 8, 1.93%, 25, 0, 3, 95.76
1585252002, 0, 129, 160, 147, 7, 1.93%, 25, 0, 3, 124.12
1585252017, 0, 129, 161, 148, 7, 1.93%, 25, 0, 3, 137.15
1585252068, 0, 129, 162, 149, 7, 1.93%, 25, 0, 3, 135.96
1585252115, 0, 129, 163, 150, 7, 1.94%, 25, 0, 3, 132.84
1585252171, 0, 129, 164, 151, 7, 1.94%, 25, 0, 3, 141.77
1585252197, 0, 129, 167, 154, 7, 1.94%, 25, 0, 3, 136.79
1585252254, 0, 129, 168, 155, 7, 1.94%, 25, 0, 3, 136.10
1585252320, 0, 129, 170, 157, 7, 1.94%, 25, 0, 3, 140.94
1585252660, 0, 130, 170, 156, 10, 1.94%, 25, 0, 3, 82.26
1585253641, 0, 130, 171, 157, 10, 1.96%, 25, 0, 3, 58.45
1585254422, 0, 130, 173, 159, 10, 1.96%, 25, 0, 3, 73.01
1585254761, 0, 138, 173, 158, 10, 1.96%, 26, 0, 3, 69.17
1585255351, 0, 138, 174, 159, 10, 1.96%, 26, 0, 4, 72.55
1585258050, 0, 140, 174, 158, 9, 1.96%, 26, 0, 4, 96.78
1585258805, 0, 140, 175, 159, 9, 1.96%, 26, 0, 4, 112.61
1585258815, 0, 148, 175, 158, 8, 1.96%, 26, 0, 4, 102.94
1585259030, 0, 148, 176, 159, 8, 1.96%, 26, 0, 4, 106.32
1585259035, 0, 160, 176, 158, 7, 1.96%, 26, 0, 4, 112.41
1585259699, 0, 161, 176, 157, 6, 1.96%, 27, 0, 4, 133.97
1585259745, 0, 161, 176, 157, 6, 1.96%, 28, 0, 4, 138.06
1585259894, 0, 161, 177, 158, 6, 1.96%, 28, 0, 4, 135.21
1585259899, 0, 161, 178, 159, 6, 1.96%, 28, 0, 4, 134.28
1585260378, 0, 161, 178, 159, 6, 1.96%, 29, 0, 4, 128.23
1585260383, 0, 164, 178, 158, 6, 1.96%, 29, 0, 4, 134.74
1585261062, 0, 165, 178, 157, 5, 1.96%, 29, 0, 4, 131.45
1585261109, 0, 165, 178, 157, 5, 1.96%, 30, 0, 4, 133.57
1585261176, 0, 165, 179, 158, 5, 1.96%, 30, 0, 4, 142.70
1585261742, 0, 168, 179, 157, 5, 1.96%, 30, 0, 4, 134.37
1585262422, 0, 170, 179, 156, 4, 1.96%, 30, 0, 4, 84.32
1585264524, 0, 170, 179, 156, 4, 1.96%, 31, 0, 4, 68.26
1585264529, 0, 175, 179, 155, 3, 1.96%, 31, 0, 4, 105.80
1585264534, 0, 175, 180, 156, 3, 1.96%, 31, 0, 5, 125.34
1585264549, 0, 175, 182, 158, 3, 1.96%, 31, 0, 5, 130.49
1585264575, 0, 175, 184, 160, 3, 1.96%, 31, 0, 5, 128.23
1585264642, 0, 175, 185, 161, 3, 1.96%, 31, 0, 5, 128.81
1585264647, 0, 177, 185, 160, 6, 1.96%, 31, 0, 5, 136.02
1585264688, 0, 177, 185, 160, 6, 1.96%, 32, 0, 5, 138.98
1585265327, 0, 178, 185, 159, 5, 1.96%, 32, 0, 5, 130.37
1585265995, 0, 179, 185, 158, 4, 1.96%, 32, 0, 5, 101.58
1585266026, 0, 179, 186, 159, 4, 1.96%, 32, 0, 6, 114.37
1585266041, 0, 181, 186, 158, 3, 1.96%, 32, 0, 6, 148.03
1585266046, 0, 183, 186, 157, 2, 1.96%, 32, 0, 6, 138.16
1585266108, 0, 183, 187, 158, 2, 1.96%, 32, 0, 6, 128.90
1585266119, 1, 5, 187, 157, 1, 1.96%, 32, 0, 6, 98.70
1585268857, 1, 5, 189, 159, 1, 1.96%, 32, 0, 6, 79.74
1585268877, 1, 151, 189, 158, 1, 1.96%, 32, 0, 6, 100.75
1585269037, 1, 152, 189, 157, 0, 1.96%, 32, 0, 6, 114.15
1585269226, 1, 155, 189, 156, 0, 1.96%, 32, 0, 6, 104.45
1585269409, 1, 156, 189, 155, 0, 1.96%, 32, 0, 6, 132.50
1585269532, 1, 159, 189, 154, 0, 1.96%, 32, 0, 6, 107.39
1585270446, 1, 164, 191, 155, 1, 1.96%, 32, 0, 6, 120.37
1585270451, 1, 189, 191, 155, 2, 1.96%, 32, 0, 6, 134.44
1585270610, 1, 189, 192, 156, 2, 1.96%, 32, 0, 6, 141.98
1585270626, 1, 189, 193, 157, 2, 1.96%, 32, 0, 6, 141.64
1585271084, 1, 189, 196, 160, 2, 1.96%, 32, 0, 6, 129.86
1585271099, 1, 189, 197, 161, 2, 1.96%, 32, 0, 6, 126.96
1585271104, 1, 189, 198, 162, 2, 1.96%, 32, 0, 6, 125.02
1585271109, 1, 189, 199, 163, 2, 1.96%, 32, 0, 6, 124.82
1585271135, 1, 189, 200, 164, 2, 1.96%, 32, 0, 6, 126.84
1585271171, 1, 189, 201, 165, 2, 1.96%, 32, 0, 6, 127.62
1585271186, 1, 189, 202, 166, 2, 1.96%, 32, 0, 6, 128.35
1585271191, 1, 189, 204, 168, 2, 1.96%, 32, 0, 6, 125.04
1585271196, 1, 189, 205, 169, 2, 1.96%, 32, 0, 6, 123.84
1585271212, 1, 190, 205, 168, 2, 1.96%, 32, 0, 6, 135.38
1585271762, 1, 190, 206, 169, 2, 1.96%, 32, 0, 6, 128.98
1585271782, 1, 191, 206, 168, 2, 1.96%, 32, 0, 6, 134.32
1585272421, 1, 191, 207, 169, 2, 1.96%, 32, 0, 6, 130.28
1585272447, 1, 205, 207, 168, 1, 1.96%, 32, 0, 6, 131.75
1585272457, 1, 205, 208, 169, 1, 1.96%, 32, 0, 6, 134.60
1585272915, 1, 205, 209, 170, 1, 1.96%, 32, 0, 6, 128.36
1585272941, 1, 208, 209, 169, 0, 1.96%, 32, 0, 6, 134.45
1585273528, 1, 208, 210, 170, 0, 1.96%, 32, 0, 7, 127.99
1585273533, 1, 208, 211, 171, 0, 1.96%, 32, 0, 7, 127.39
1585273590, 1, 209, 211, 170, 1, 1.96%, 32, 0, 7, 133.93
1585273677, 1, 209, 212, 171, 1, 1.96%, 32, 0, 8, 135.07
1585273754, 1, 209, 213, 172, 1, 1.96%, 32, 0, 8, 138.57
1585274202, 1, 209, 214, 173, 1, 1.96%, 32, 0, 8, 126.54
1585274232, 1, 211, 214, 172, 1, 1.96%, 32, 0, 8, 131.20
1585274243, 1, 211, 215, 173, 1, 1.96%, 32, 0, 9, 136.87
1585274850, 1, 211, 216, 174, 1, 1.96%, 32, 0, 9, 124.57
1585274861, 1, 211, 217, 175, 1, 1.96%, 32, 0, 9, 123.77
1585274948, 1, 215, 217, 174, 0, 1.96%, 32, 0, 9, 131.76
1585274964, 1, 215, 219, 176, 0, 1.96%, 32, 0, 10, 137.54
1585275571, 1, 215, 220, 177, 0, 1.96%, 32, 0, 10, 127.83
1585275576, 1, 215, 221, 178, 0, 1.96%, 32, 0, 10, 128.64
1585275613, 1, 215, 222, 179, 0, 1.96%, 32, 0, 10, 125.61
1585275669, 1, 220, 222, 178, 1, 1.96%, 32, 0, 10, 132.58
1585276014, 2, 1, 222, 177, 0, 1.96%, 32, 0, 10, 119.55
1585278683, 2, 1, 225, 180, 0, 1.96%, 32, 0, 10, 83.22
1585278688, 2, 1, 227, 182, 0, 1.96%, 32, 0, 10, 89.30
1585278694, 2, 1, 229, 184, 0, 1.96%, 32, 0, 10, 93.43
1585278699, 2, 1, 230, 185, 0, 1.96%, 32, 0, 10, 89.34
1585278704, 2, 1, 231, 186, 0, 1.96%, 32, 0, 10, 94.48
1585278709, 2, 1, 233, 188, 0, 1.96%, 32, 0, 10, 93.23
1585278714, 2, 1, 234, 189, 0, 1.96%, 32, 0, 10, 92.14
1585278719, 2, 1, 235, 190, 0, 1.96%, 32, 0, 10, 90.98
1585278776, 2, 1, 236, 191, 0, 1.96%, 32, 0, 10, 95.31
1585278781, 2, 1, 237, 192, 0, 1.96%, 32, 0, 10, 90.90
1585278817, 2, 30, 238, 192, 1, 1.96%, 32, 0, 10, 96.91
1585280193, 2, 30, 239, 193, 1, 1.96%, 32, 0, 10, 123.26
1585280204, 2, 59, 239, 192, 1, 1.96%, 32, 0, 10, 84.97
1585282716, 2, 59, 240, 193, 1, 1.96%, 32, 0, 10, 90.06
1585282721, 2, 231, 240, 192, 1, 1.96%, 32, 0, 10, 121.59
1585282834, 2, 239, 240, 191, 0, 1.96%, 32, 0, 10, 74.58
1585282859, 2, 239, 241, 192, 0, 1.96%, 32, 0, 10, 45.02
1585289383, 2, 239, 242, 193, 0, 1.96%, 32, 0, 10, 56.59
1585289388, 2, 239, 243, 194, 0, 1.96%, 32, 0, 10, 63.92
1585289393, 2, 239, 244, 195, 0, 1.96%, 32, 0, 10, 63.97
1585289418, 2, 239, 245, 196, 0, 1.96%, 32, 0, 10, 64.21
1585289474, 2, 239, 246, 197, 0, 1.96%, 32, 0, 10, 62.92
1585289489, 2, 239, 247, 198, 0, 1.96%, 32, 0, 10, 64.59
1585289561, 2, 239, 248, 199, 0, 1.96%, 32, 0, 10, 66.91
1585289581, 2, 239, 249, 200, 0, 1.96%, 32, 0, 10, 65.04
1585289632, 2, 244, 249, 199, 0, 1.96%, 32, 0, 10, 77.40
1585296017, 2, 244, 251, 201, 0, 1.96%, 32, 0, 10, 106.59
1585296038, 2, 244, 251, 201, 0, 1.96%, 33, 0, 10, 104.69
1585296043, 2, 244, 252, 202, 0, 1.96%, 33, 0, 10, 103.44
1585296119, 2, 244, 253, 203, 0, 1.96%, 33, 0, 10, 108.83
1585296124, 2, 244, 254, 204, 0, 1.96%, 33, 0, 10, 108.93
1585296145, 2, 244, 254, 204, 0, 1.96%, 34, 0, 10, 107.96
1585296160, 2, 253, 254, 203, 0, 1.96%, 34, 0, 10, 75.25
1585296186, 2, 253, 255, 204, 0, 1.96%, 34, 0, 10, 66.05
1585297526, 2, 253, 255, 204, 0, 1.96%, 35, 0, 10, 68.91
1585318617, 2, 253, 255, 204, 0, 1.96%, 36, 0, 10, 66.43
1585318622, 2, 253, 255, 204, 0, 1.96%, 37, 0, 10, 60.97
1585318627, 2, 253, 255, 204, 0, 1.96%, 38, 0, 10, 61.79
1585318633, 2, 253, 255, 204, 0, 1.96%, 39, 0, 10, 69.27
1585318643, 2, 254, 255, 203, 0, 1.96%, 39, 0, 10, 75.70
1585341003, 2, 254, 255, 203, 0, 1.96%, 40, 0, 10, 79.73
1585341008, 2, 254, 256, 204, 0, 1.96%, 40, 0, 10, 77.81
1585341039, 3, 0, 256, 203, 0, 1.96%, 40, 0, 10, 59.93
1585341044, 3, 11, 256, 203, 0, 1.96%, 40, 0, 10, 49.27
1585344571, 3, 12, 256, 202, 0, 1.96%, 40, 0, 10, 60.79
1585348101, 3, 16, 256, 201, 0, 1.96%, 40, 0, 10, 68.92
1585351669, 3, 16, 257, 202, 0, 1.96%, 40, 0, 10, 62.56
1585351679, 3, 18, 257, 201, 0, 1.96%, 40, 0, 10, 56.50
1585355194, 3, 18, 258, 202, 0, 1.96%, 40, 0, 10, 75.95
1585355199, 3, 21, 258, 201, 0, 1.96%, 40, 0, 10, 76.44
1585358669, 3, 24, 258, 200, 0, 1.96%, 40, 0, 10, 49.78
1585362132, 3, 25, 258, 199, 0, 1.96%, 40, 0, 10, 77.15
1585364514, 3, 26, 258, 198, 0, 1.96%, 40, 0, 10, 82.15
1585367504, 3, 38, 258, 197, 0, 1.96%, 40, 0, 10, 102.28
1585368788, 3, 50, 258, 196, 0, 1.96%, 40, 0, 10, 108.87
1585372020, 3, 52, 258, 195, 0, 1.96%, 40, 0, 10, 83.61
1585373190, 3, 67, 258, 194, 0, 1.96%, 40, 0, 10, 110.04
1585374569, 3, 73, 258, 193, 0, 1.96%, 40, 0, 10, 93.63
1585376249, 3, 74, 258, 192, 0, 1.96%, 40, 0, 10, 97.35
1585377479, 3, 77, 258, 191, 0, 1.96%, 40, 0, 10, 81.85
1585378881, 3, 80, 258, 190, 0, 1.96%, 40, 0, 10, 108.17
1585379679, 3, 85, 258, 189, 0, 1.96%, 40, 0, 10, 74.44
1585381840, 3, 87, 258, 188, 0, 1.96%, 40, 0, 10, 117.25
1585382706, 3, 88, 258, 187, 0, 1.96%, 40, 0, 10, 110.68
1585383492, 3, 91, 258, 186, 0, 1.96%, 40, 0, 10, 116.88
1585384934, 3, 92, 258, 185, 0, 1.96%, 40, 0, 10, 77.52
1585388235, 3, 95, 258, 184, 0, 1.96%, 40, 0, 10, 75.14
1585389751, 3, 99, 258, 183, 0, 1.96%, 40, 0, 10, 102.60
1585391557, 3, 100, 258, 182, 0, 1.96%, 40, 0, 10, 116.31
1585392835, 3, 102, 258, 181, 0, 1.96%, 40, 0, 10, 80.17
1585395768, 3, 103, 258, 180, 0, 1.96%, 40, 0, 10, 87.54
1585397409, 3, 105, 258, 179, 0, 1.96%, 40, 0, 10, 83.73
1585399721, 3, 107, 258, 178, 0, 1.96%, 40, 0, 10, 83.82
1585400638, 3, 110, 258, 177, 0, 1.96%, 40, 0, 10, 99.94
1585402013, 3, 119, 258, 176, 0, 1.96%, 40, 0, 10, 130.34
1585402316, 3, 125, 258, 175, 0, 1.96%, 40, 0, 10, 124.56
1585403849, 3, 127, 258, 174, 0, 1.96%, 40, 0, 10, 130.95
1585404331, 3, 131, 258, 173, 0, 1.96%, 40, 0, 10, 113.34
1585405544, 3, 132, 258, 172, 0, 1.96%, 40, 0, 10, 68.84
1585409106, 3, 140, 258, 171, 0, 1.96%, 40, 0, 10, 79.90
1585409112, 3, 166, 259, 172, 0, 1.96%, 40, 0, 10, 120.63
1585409898, 3, 170, 260, 172, 0, 1.96%, 40, 0, 10, 96.52
1585409903, 3, 170, 262, 174, 0, 1.96%, 40, 0, 10, 76.74
1585409908, 3, 179, 262, 174, 0, 1.96%, 40, 0, 10, 84.73
1585409913, 3, 183, 262, 174, 0, 1.96%, 40, 0, 10, 118.51
1585409918, 3, 236, 263, 175, 1, 1.96%, 40, 0, 10, 105.52
1585418849, 3, 262, 263, 174, 1, 1.96%, 40, 0, 10, 79.60
1585420004, 3, 262, 264, 175, 1, 1.96%, 40, 0, 10, 123.86
1585420034, 4, 2, 264, 174, 0, 1.96%, 40, 0, 10, 63.37
1585423814, 4, 13, 264, 173, 0, 1.96%, 40, 0, 10, 58.22
1585427552, 4, 14, 264, 172, 0, 1.96%, 40, 0, 10, 60.45
1585431195, 4, 15, 264, 171, 0, 1.96%, 40, 0, 10, 62.48
1585434902, 4, 29, 264, 170, 0, 1.96%, 40, 0, 10, 69.36
1585437976, 4, 32, 264, 169, 0, 1.96%, 40, 0, 10, 109.67
1585439544, 4, 34, 264, 168, 0, 1.96%, 40, 0, 10, 71.66
1585444328, 4, 35, 264, 167, 0, 1.96%, 40, 0, 10, 59.79
1585447948, 4, 41, 264, 166, 0, 1.96%, 40, 0, 10, 77.26
1585449992, 4, 46, 264, 165, 0, 1.96%, 40, 0, 10, 83.55
1585450582, 4, 48, 264, 164, 0, 1.96%, 40, 0, 10, 74.76
1585452708, 4, 68, 264, 163, 0, 1.96%, 40, 0, 10, 108.72
1585453894, 4, 76, 264, 162, 0, 1.96%, 40, 0, 10, 101.05
1585455138, 4, 81, 264, 161, 0, 1.96%, 40, 0, 10, 101.98
1585455932, 4, 87, 264, 160, 0, 1.96%, 40, 0, 10, 81.33
1585455938, 4, 104, 264, 160, 0, 1.96%, 40, 0, 10, 104.39
1585457549, 4, 111, 264, 159, 0, 1.96%, 40, 0, 10, 115.45
1585458745, 4, 114, 264, 158, 0, 1.96%, 40, 0, 10, 131.52
1585459522, 4, 116, 264, 157, 0, 1.96%, 40, 0, 10, 119.95
1585460854, 4, 122, 264, 156, 0, 1.96%, 40, 0, 10, 134.25
1585461404, 4, 135, 264, 155, 0, 1.96%, 40, 0, 10, 120.87
1585462796, 4, 142, 264, 154, 0, 1.96%, 40, 0, 10, 112.15
1585463426, 4, 145, 264, 153, 0, 1.96%, 40, 0, 10, 101.63
1585463867, 4, 154, 264, 152, 0, 1.96%, 40, 0, 10, 98.39
1585464118, 4, 166, 264, 151, 0, 1.96%, 40, 0, 10, 117.00
1585464123, 4, 172, 265, 152, 0, 1.96%, 40, 0, 10, 93.66
1585465663, 4, 172, 266, 153, 0, 1.96%, 40, 0, 10, 124.07
1585466038, 4, 174, 266, 152, 0, 1.96%, 40, 0, 10, 105.14
1585466649, 4, 176, 266, 151, 0, 1.96%, 40, 0, 10, 131.34
1585467424, 4, 176, 267, 152, 0, 1.96%, 40, 0, 10, 129.33
1585467435, 4, 181, 267, 151, 0, 1.96%, 40, 0, 10, 124.10
1585467440, 4, 184, 267, 151, 0, 1.96%, 40, 0, 10, 132.14
1585467532, 4, 191, 267, 150, 0, 1.96%, 40, 0, 10, 123.16
1585467538, 4, 194, 267, 150, 0, 1.96%, 40, 0, 10, 104.99
1585468731, 4, 194, 268, 151, 0, 1.96%, 40, 0, 10, 107.66
1585468752, 4, 194, 269, 152, 0, 1.96%, 40, 0, 10, 109.45
1585468792, 4, 195, 269, 151, 0, 1.96%, 40, 0, 10, 87.19
1585469008, 4, 201, 269, 150, 0, 1.96%, 40, 0, 10, 99.19
1585469018, 4, 201, 270, 151, 0, 1.96%, 40, 0, 10, 130.63
1585469676, 4, 211, 271, 151, 0, 1.96%, 40, 0, 10, 95.75
1585469686, 4, 227, 271, 151, 0, 1.96%, 40, 0, 10, 126.60
1585471483, 4, 229, 271, 150, 0, 1.96%, 40, 0, 10, 65.26
1585516544, 4, 230, 271, 149, 0, 1.96%, 40, 0, 10, 78.50
1585519822, 4, 237, 271, 148, 0, 1.96%, 40, 0, 10, 100.24
1585526201, 4, 237, 273, 150, 0, 1.96%, 40, 0, 10, 94.58
1585526242, 4, 241, 273, 149, 0, 1.96%, 40, 0, 10, 51.26
1585544310, 4, 243, 273, 148, 0, 1.96%, 40, 0, 10, 33.60
1585564804, 4, 247, 273, 147, 0, 1.96%, 40, 0, 10, 36.44
1585587120, 4, 252, 273, 146, 0, 1.96%, 40, 0, 10, 48.53
1585621887, 4, 252, 274, 147, 0, 1.96%, 40, 0, 10, 98.80
1585621918, 4, 252, 274, 147, 0, 1.96%, 41, 0, 10, 67.43
1585621939, 4, 260, 274, 146, 0, 1.96%, 41, 0, 10, 57.26
1585630272, 4, 260, 275, 147, 0, 1.96%, 41, 0, 10, 58.22
1585630298, 4, 262, 275, 146, 0, 1.96%, 41, 0, 10, 74.74
1585630303, 4, 265, 275, 146, 0, 1.96%, 41, 0, 10, 113.07
1585631440, 4, 265, 276, 147, 0, 1.96%, 41, 0, 10, 125.97
1585631471, 4, 267, 276, 146, 0, 1.96%, 41, 0, 10, 125.48
1585634226, 4, 267, 277, 147, 0, 1.96%, 41, 0, 10, 123.83
1585634569, 4, 267, 278, 148, 0, 1.96%, 41, 0, 10, 118.69
1585634589, 4, 267, 279, 149, 0, 1.96%, 41, 0, 10, 116.92
1585634671, 4, 267, 280, 150, 0, 1.96%, 41, 0, 10, 120.38
1585634708, 4, 272, 280, 149, 0, 1.96%, 41, 0, 10, 118.55
1585642802, 4, 272, 281, 150, 0, 1.96%, 41, 0, 10, 90.51
1585642884, 4, 273, 281, 149, 0, 1.96%, 41, 0, 10, 90.99
1585645757, 4, 273, 281, 149, 0, 1.96%, 42, 0, 10, 89.04
1585692497, 4, 277, 281, 148, 0, 1.96%, 42, 0, 10, 103.23
1585698746, 4, 277, 282, 149, 0, 1.96%, 42, 0, 10, 109.23
1585698812, 5, 3, 282, 148, 0, 1.96%, 42, 0, 10, 86.38
1585701350, 5, 4, 282, 147, 0, 1.96%, 42, 0, 10, 139.13
1585702536, 5, 7, 282, 146, 0, 1.96%, 42, 0, 10, 138.10
1585702541, 5, 9, 282, 146, 0, 1.96%, 42, 0, 10, 78.41
1585705684, 5, 23, 282, 145, 0, 1.96%, 42, 0, 10, 93.56
1585707474, 5, 33, 282, 144, 0, 1.96%, 42, 0, 10, 98.58
1585710139, 5, 37, 282, 143, 0, 1.96%, 42, 0, 10, 96.12
1585711787, 5, 43, 282, 142, 0, 1.96%, 42, 0, 10, 132.48
1585712831, 5, 47, 282, 141, 0, 1.96%, 42, 0, 10, 147.40
1585713421, 5, 75, 282, 140, 0, 1.96%, 42, 0, 10, 152.51
1585715628, 5, 82, 282, 139, 0, 1.96%, 42, 0, 10, 130.78
1585716614, 5, 83, 282, 138, 0, 1.96%, 42, 0, 10, 153.61
1585717306, 5, 90, 282, 137, 0, 1.96%, 42, 0, 10, 122.95
1585717857, 5, 97, 282, 136, 0, 1.96%, 42, 0, 10, 116.03
1585718754, 5, 106, 282, 135, 0, 1.96%, 42, 0, 10, 159.65
1585719165, 5, 133, 282, 134, 0, 1.96%, 42, 0, 10, 156.31
1585720350, 5, 144, 282, 133, 0, 1.96%, 42, 0, 10, 152.36
1585720736, 5, 147, 282, 132, 0, 1.96%, 42, 0, 10, 129.68
1585721442, 5, 149, 282, 131, 0, 1.96%, 42, 0, 10, 135.54
1585721585, 5, 150, 282, 130, 0, 1.96%, 42, 0, 10, 129.18
1585722024, 5, 153, 282, 129, 0, 1.96%, 42, 0, 10, 147.09
1585722141, 5, 162, 282, 128, 0, 1.96%, 42, 0, 10, 164.64
1585722734, 5, 169, 282, 127, 0, 1.96%, 42, 0, 10, 158.59
1585723349, 5, 170, 282, 126, 0, 1.96%, 42, 0, 10, 154.50
1585723354, 5, 171, 282, 126, 0, 1.96%, 42, 0, 10, 151.55
1585724225, 5, 181, 282, 125, 0, 1.96%, 42, 0, 10, 151.01
1585724230, 5, 187, 282, 125, 0, 1.96%, 42, 0, 10, 104.02
1585727115, 5, 202, 282, 124, 0, 1.96%, 42, 0, 10, 116.55
1585727624, 5, 210, 282, 123, 0, 1.96%, 42, 0, 10, 146.03
1585728560, 5, 211, 282, 122, 0, 1.96%, 42, 0, 10, 151.72
1585728565, 5, 222, 282, 122, 0, 1.96%, 42, 0, 10, 149.69
1585728781, 5, 224, 282, 121, 0, 1.96%, 42, 0, 10, 128.79
1585731988, 5, 225, 282, 120, 0, 1.96%, 42, 0, 10, 84.40
1585735720, 5, 226, 282, 119, 0, 1.96%, 42, 0, 10, 115.47
1585735964, 5, 233, 282, 118, 0, 1.96%, 42, 0, 10, 145.25
1585736795, 5, 242, 282, 117, 0, 1.96%, 42, 0, 10, 104.30
1585753650, 5, 242, 283, 118, 0, 1.96%, 42, 0, 10, 42.70
1585753655, 5, 242, 284, 119, 0, 1.96%, 42, 0, 10, 46.47
1585753731, 5, 257, 284, 118, 0, 1.96%, 42, 0, 10, 106.08
1585755773, 5, 257, 285, 119, 0, 1.96%, 42, 0, 10, 148.77
1585755788, 5, 259, 285, 118, 0, 1.96%, 42, 0, 10, 73.29
1585759632, 5, 262, 285, 117, 0, 1.96%, 42, 0, 10, 110.99
1585759637, 5, 264, 285, 117, 0, 1.96%, 42, 0, 10, 90.35
1585765328, 5, 271, 285, 116, 0, 1.96%, 42, 0, 10, 80.81
1585776070, 5, 274, 285, 115, 0, 1.96%, 42, 0, 10, 90.00
1585786448, 5, 274, 286, 116, 0, 1.96%, 42, 0, 10, 98.55
1585786525, 5, 274, 287, 117, 0, 1.96%, 42, 0, 10, 103.26
1585786611, 5, 278, 287, 116, 0, 1.96%, 42, 0, 10, 106.17
1585799431, 5, 278, 289, 118, 0, 1.96%, 42, 0, 10, 108.71
1585799441, 5, 278, 290, 119, 0, 1.96%, 42, 0, 10, 110.20
1585799451, 5, 278, 291, 120, 0, 1.96%, 42, 0, 10, 109.85
1585799584, 5, 280, 291, 119, 0, 1.96%, 42, 0, 10, 112.46
1585809848, 5, 280, 292, 120, 0, 1.96%, 42, 0, 10, 119.12
1585809915, 5, 281, 292, 119, 0, 1.96%, 42, 0, 10, 106.87
