# unix_time, cycles_done, cur_path, paths_total, pending_total, pending_favs, map_size, unique_crashes, unique_hangs, max_depth, execs_per_sec
1585229487, 0, 0, 1, 1, 1, 1.78%, 0, 0, 1, 8.21
1585229538, 0, 0, 2, 2, 1, 1.80%, 0, 0, 2, 7.23
1585229543, 0, 0, 3, 3, 1, 2.00%, 0, 0, 2, 7.89
1585229564, 0, 0, 4, 4, 1, 2.01%, 0, 0, 2, 10.43
1585229569, 0, 0, 7, 7, 1, 2.13%, 0, 0, 2, 10.53
1585229579, 0, 0, 8, 8, 1, 2.13%, 0, 0, 2, 6.11
1585229610, 0, 0, 9, 9, 1, 2.14%, 0, 0, 2, 9.36
1585229636, 0, 0, 11, 11, 1, 2.16%, 0, 0, 2, 6.36
1585229729, 0, 0, 12, 12, 1, 2.16%, 0, 0, 2, 7.27
1585229734, 0, 0, 13, 13, 1, 2.16%, 0, 0, 2, 6.46
1585229822, 0, 0, 15, 15, 1, 2.16%, 0, 0, 2, 8.47
1585229868, 0, 0, 16, 16, 1, 2.16%, 0, 0, 2, 10.03
1585230260, 0, 0, 17, 17, 1, 2.16%, 0, 0, 2, 9.13
1585230296, 0, 0, 18, 18, 1, 2.16%, 0, 0, 2, 11.00
1585230426, 0, 0, 19, 19, 1, 2.16%, 0, 0, 2, 8.26
1585230467, 0, 0, 20, 20, 1, 2.16%, 0, 0, 2, 6.46
1585231186, 0, 0, 21, 21, 1, 2.17%, 0, 0, 2, 9.66
1585231479, 0, 0, 22, 22, 1, 2.17%, 0, 0, 2, 7.84
1585231510, 0, 0, 23, 23, 1, 2.17%, 0, 0, 2, 10.09
1585231531, 0, 0, 24, 24, 1, 2.17%, 0, 0, 2, 9.12
1585231562, 0, 0, 25, 25, 1, 2.17%, 0, 0, 2, 10.01
1585233177, 0, 0, 26, 26, 1, 2.17%, 0, 0, 2, 6.37
1585233269, 0, 0, 27, 27, 1, 2.18%, 0, 0, 2, 7.90
1585233579, 0, 0, 28, 28, 1, 2.18%, 0, 0, 2, 6.63
1585241561, 0, 0, 29, 29, 1, 2.20%, 0, 0, 2, 5.58
1585252713, 0, 0, 32, 32, 1, 2.20%, 0, 0, 2, 8.43
1585252718, 0, 0, 33, 33, 1, 2.20%, 0, 0, 2, 8.66
1585252723, 0, 0, 34, 34, 1, 2.20%, 0, 0, 2, 8.64
1585252878, 0, 0, 35, 35, 1, 2.20%, 0, 0, 2, 8.11
1585253257, 0, 0, 36, 36, 1, 2.20%, 0, 0, 2, 3.63
1585256119, 0, 0, 39, 39, 1, 2.20%, 3, 0, 2, 6.70
1585256124, 0, 0, 44, 44, 1, 2.22%, 6, 0, 2, 8.36
1585256129, 0, 0, 49, 49, 1, 2.22%, 8, 0, 2, 9.36
1585256134, 0, 0, 54, 54, 1, 2.22%, 8, 0, 2, 9.13
1585256139, 0, 0, 58, 58, 1, 2.22%, 8, 0, 2, 9.19
1585256144, 0, 0, 62, 62, 1, 2.22%, 8, 0, 2, 8.26
1585256149, 0, 0, 65, 65, 1, 2.22%, 8, 0, 2, 7.60
1585256154, 0, 0, 67, 67, 1, 2.22%, 8, 0, 2, 6.71
1585256159, 0, 0, 71, 71, 1, 2.22%, 8, 0, 2, 7.31
1585256165, 0, 0, 74, 74, 1, 2.22%, 8, 0, 2, 7.21
1585256170, 0, 0, 77, 77, 1, 2.22%, 8, 0, 2, 7.74
1585256175, 0, 0, 79, 79, 1, 2.23%, 8, 0, 2, 7.13
1585256180, 0, 0, 83, 83, 1, 2.23%, 8, 0, 2, 7.18
1585256185, 0, 0, 85, 85, 1, 2.23%, 10, 0, 2, 8.14
1585256190, 0, 0, 86, 86, 1, 2.23%, 11, 0, 2, 9.50
1585256196, 0, 0, 87, 87, 1, 2.23%, 13, 0, 2, 8.26
1585256201, 0, 0, 88, 88, 1, 2.23%, 13, 0, 2, 7.43
1585256206, 0, 0, 89, 89, 1, 2.23%, 14, 0, 2, 7.58
1585256211, 0, 0, 90, 90, 1, 2.23%, 14, 0, 2, 5.94
1585256216, 0, 0, 94, 94, 1, 2.23%, 14, 0, 2, 8.81
1585256221, 0, 0, 95, 95, 1, 2.23%, 14, 0, 2, 8.82
1585256226, 0, 0, 97, 97, 1, 2.23%, 15, 0, 2, 9.86
1585256231, 0, 0, 99, 99, 1, 2.23%, 15, 0, 2, 9.58
1585256236, 0, 0, 101, 101, 1, 2.23%, 15, 0, 2, 9.75
1585256242, 0, 0, 103, 103, 1, 2.23%, 17, 0, 2, 9.20
1585256247, 0, 0, 105, 105, 1, 2.23%, 17, 0, 2, 7.78
1585256267, 0, 0, 106, 106, 1, 2.23%, 17, 0, 2, 7.71
1585256273, 0, 0, 107, 107, 1, 2.23%, 17, 0, 2, 8.26
1585256278, 0, 0, 107, 107, 1, 2.23%, 18, 0, 2, 8.13
1585256283, 0, 0, 108, 108, 1, 2.23%, 18, 0, 2, 9.19
1585256288, 0, 0, 109, 109, 1, 2.23%, 18, 0, 2, 9.29
1585256293, 0, 0, 110, 110, 1, 2.23%, 20, 0, 2, 9.58
1585256308, 0, 0, 111, 111, 1, 2.23%, 20, 0, 2, 8.85
1585256314, 0, 0, 111, 111, 1, 2.23%, 22, 0, 2, 8.69
1585256324, 0, 0, 112, 112, 1, 2.23%, 22, 0, 2, 4.86
1585256401, 0, 0, 113, 113, 1, 2.23%, 22, 0, 2, 5.12
1585256443, 0, 0, 114, 114, 1, 2.23%, 22, 0, 2, 4.61
1585256509, 0, 0, 115, 115, 1, 2.23%, 22, 0, 2, 4.51
1585256519, 0, 0, 116, 116, 1, 2.23%, 22, 0, 2, 4.76
1585256529, 0, 0, 117, 117, 1, 2.23%, 22, 0, 2, 4.83
1585256540, 0, 0, 118, 118, 1, 2.23%, 22, 0, 2, 4.57
1585256545, 0, 0, 119, 119, 1, 2.26%, 22, 0, 2, 5.06
1585256555, 0, 0, 119, 119, 1, 2.26%, 23, 0, 2, 4.30
1585256560, 0, 0, 120, 120, 1, 2.26%, 23, 0, 2, 4.57
1585256591, 0, 0, 121, 121, 1, 2.26%, 23, 0, 2, 10.66
1585256607, 0, 0, 122, 122, 1, 2.26%, 23, 0, 2, 8.46
1585256622, 0, 0, 123, 123, 1, 2.26%, 23, 0, 2, 8.48
1585256627, 0, 0, 124, 124, 1, 2.26%, 23, 0, 2, 8.43
1585256637, 0, 0, 124, 124, 1, 2.26%, 24, 0, 2, 9.03
1585256643, 0, 0, 125, 125, 1, 2.26%, 24, 0, 2, 9.66
1585256648, 0, 0, 126, 126, 1, 2.26%, 24, 0, 2, 10.12
1585256663, 0, 0, 127, 127, 1, 2.26%, 24, 0, 2, 9.43
1585256689, 0, 0, 128, 128, 1, 2.26%, 24, 0, 2, 9.60
1585256704, 0, 6, 128, 127, 15, 2.26%, 24, 0, 2, 11.14
1585286430, 0, 6, 129, 128, 15, 2.26%, 24, 0, 3, 10.64
1585286445, 0, 16, 129, 127, 14, 2.26%, 24, 0, 3, 7.12
1585290862, 0, 16, 130, 128, 14, 2.26%, 24, 0, 3, 8.66
1585316056, 0, 16, 130, 128, 14, 2.26%, 25, 0, 3, 11.19
1585316061, 0, 20, 130, 127, 13, 2.26%, 25, 0, 3, 11.96
1585334793, 0, 20, 131, 128, 13, 2.26%, 25, 0, 3, 7.98
1585340542, 0, 21, 131, 127, 12, 2.26%, 25, 0, 3, 8.81
1585342561, 0, 21, 132, 128, 12, 2.26%, 25, 0, 3, 8.28
1585360879, 0, 21, 132, 128, 12, 2.26%, 26, 0, 3, 10.31
1585360894, 0, 25, 132, 127, 11, 2.26%, 26, 0, 3, 7.74
1585364581, 0, 25, 133, 128, 11, 2.26%, 26, 0, 3, 9.27
1585385787, 0, 27, 133, 127, 10, 2.26%, 27, 0, 3, 9.91
1585389154, 0, 27, 134, 128, 10, 2.26%, 27, 0, 3, 8.53
1585409948, 0, 27, 134, 128, 10, 2.26%, 28, 0, 3, 10.19
1585409953, 0, 51, 134, 127, 10, 2.26%, 28, 0, 3, 10.27
1585411271, 0, 51, 135, 128, 10, 2.26%, 28, 0, 3, 8.66
1585411282, 0, 51, 136, 129, 10, 2.26%, 28, 0, 3, 7.01
1585422586, 0, 51, 137, 130, 10, 2.26%, 28, 0, 3, 15.26
1585422591, 0, 51, 138, 131, 10, 2.26%, 28, 0, 3, 15.24
1585422606, 0, 57, 138, 130, 9, 2.26%, 28, 0, 3, 15.02
1585423040, 0, 57, 139, 131, 9, 2.28%, 28, 0, 3, 9.07
1585428754, 0, 57, 140, 132, 9, 2.28%, 28, 0, 3, 10.60
1585437478, 0, 77, 140, 131, 9, 2.28%, 28, 0, 3, 8.16
1585447041, 0, 91, 140, 130, 8, 2.28%, 28, 0, 3, 9.18
1585454982, 0, 99, 140, 129, 7, 2.28%, 28, 0, 3, 13.38
1585461779, 0, 99, 141, 130, 7, 2.28%, 28, 0, 3, 11.11
1585461795, 0, 99, 142, 131, 7, 2.28%, 28, 0, 3, 14.50
1585461800, 0, 99, 143, 132, 7, 2.28%, 28, 0, 3, 15.96
1585461820, 0, 99, 144, 133, 7, 2.28%, 28, 0, 3, 11.64
1585461851, 0, 99, 145, 134, 7, 2.28%, 28, 0, 3, 9.92
1585461856, 0, 99, 146, 135, 7, 2.28%, 28, 0, 3, 9.86
1585461882, 0, 99, 147, 136, 7, 2.28%, 28, 0, 3, 14.55
1585461892, 0, 99, 148, 137, 7, 2.28%, 28, 0, 3, 14.80
1585461974, 0, 99, 149, 138, 7, 2.28%, 28, 0, 3, 12.81
1585462031, 0, 99, 150, 139, 7, 2.28%, 28, 0, 3, 12.92
1585462051, 0, 101, 150, 138, 8, 2.28%, 28, 0, 3, 13.34
1585474883, 0, 112, 150, 137, 7, 2.28%, 29, 0, 3, 16.28
1585477022, 0, 112, 151, 138, 7, 2.28%, 29, 0, 3, 11.30
1585481051, 0, 133, 151, 137, 7, 2.28%, 29, 0, 3, 11.26
1585484991, 0, 133, 152, 138, 7, 2.28%, 29, 0, 4, 9.85
1585504569, 0, 134, 152, 137, 6, 2.28%, 29, 0, 4, 11.68
1585505832, 0, 134, 153, 138, 6, 2.28%, 29, 0, 4, 10.10
1585517183, 0, 138, 153, 137, 6, 2.28%, 29, 0, 4, 12.85
1585532304, 0, 138, 154, 138, 6, 2.28%, 29, 0, 4, 10.90
1585532325, 0, 144, 154, 137, 5, 2.28%, 29, 0, 4, 11.66
1585539964, 0, 146, 154, 136, 5, 2.28%, 29, 0, 4, 11.72
1585543698, 0, 146, 155, 137, 5, 2.28%, 29, 0, 4, 12.59
1585543704, 0, 146, 156, 138, 5, 2.28%, 29, 0, 4, 12.86
1585543729, 0, 146, 157, 139, 5, 2.28%, 29, 0, 4, 10.27
1585543775, 0, 147, 157, 138, 5, 2.28%, 29, 0, 4, 11.02
1585547945, 0, 147, 158, 139, 5, 2.28%, 30, 0, 4, 12.16
1585547950, 0, 147, 159, 140, 5, 2.28%, 30, 0, 4, 14.06
1585547976, 0, 149, 159, 139, 5, 2.28%, 30, 0, 4, 12.90
1585549820, 0, 149, 160, 140, 5, 2.28%, 30, 0, 4, 12.25
1585549835, 0, 150, 160, 139, 4, 2.28%, 30, 0, 4, 10.90
1585550219, 0, 150, 160, 139, 4, 2.28%, 31, 0, 4, 12.35
1585550666, 0, 150, 161, 140, 4, 2.29%, 31, 0, 4, 13.04
1585551879, 0, 150, 162, 141, 4, 2.29%, 31, 0, 4, 9.27
1585552126, 0, 150, 163, 142, 4, 2.29%, 31, 0, 4, 11.69
1585552131, 0, 150, 164, 143, 4, 2.30%, 31, 0, 4, 12.14
1585552136, 0, 150, 165, 144, 4, 2.30%, 31, 0, 4, 12.11
1585552146, 0, 150, 166, 145, 4, 2.30%, 31, 0, 4, 8.36
1585552193, 0, 150, 167, 146, 4, 2.31%, 31, 0, 4, 66.37
1585552587, 0, 150, 168, 147, 4, 2.31%, 31, 0, 4, 8.93
1585553233, 0, 150, 170, 149, 4, 2.31%, 31, 0, 4, 7.49
1585553238, 0, 150, 171, 150, 4, 2.31%, 31, 0, 4, 8.10
1585556608, 0, 152, 171, 149, 7, 2.31%, 31, 0, 4, 13.21
1585568987, 0, 152, 172, 150, 7, 2.31%, 31, 0, 5, 10.12
1585570672, 0, 154, 172, 149, 7, 2.31%, 31, 0, 5, 14.93
1585572076, 0, 154, 173, 150, 7, 2.31%, 31, 0, 5, 11.73
1585573390, 0, 159, 173, 149, 7, 2.31%, 31, 0, 5, 9.25
1585575567, 0, 160, 173, 148, 6, 2.31%, 31, 0, 5, 12.61
1585575875, 0, 160, 173, 148, 6, 2.31%, 32, 0, 5, 12.46
1585577725, 0, 160, 174, 149, 6, 2.31%, 32, 0, 5, 10.13
1585577771, 0, 160, 175, 150, 6, 2.31%, 32, 0, 5, 9.99
1585577926, 0, 160, 176, 151, 6, 2.31%, 32, 0, 5, 11.72
1585581623, 0, 160, 176, 151, 6, 2.31%, 33, 0, 5, 18.04
1585581628, 0, 166, 176, 150, 6, 2.31%, 33, 0, 5, 15.81
1585581936, 0, 166, 176, 150, 6, 2.31%, 34, 0, 5, 13.02
1585587932, 0, 171, 176, 149, 5, 2.31%, 34, 0, 5, 10.76
1585601320, 0, 172, 176, 148, 4, 2.31%, 34, 0, 5, 15.78
1585603222, 0, 173, 176, 147, 3, 2.31%, 34, 0, 5, 11.43
1585603417, 0, 173, 177, 148, 3, 2.31%, 34, 0, 6, 10.87
1585603530, 0, 173, 177, 148, 3, 2.31%, 35, 0, 6, 11.22
1585608673, 0, 174, 177, 147, 3, 2.31%, 35, 0, 6, 15.76
1585608996, 0, 174, 177, 147, 3, 2.31%, 36, 0, 6, 12.52
1585614017, 0, 175, 177, 146, 2, 2.31%, 36, 0, 6, 13.60
1585614890, 0, 175, 178, 147, 2, 2.31%, 36, 0, 6, 9.95
1585615738, 0, 175, 179, 148, 2, 2.31%, 36, 0, 6, 11.83
1585615984, 0, 175, 180, 149, 2, 2.31%, 36, 0, 6, 6.34
1585621240, 0, 175, 181, 150, 2, 2.31%, 36, 0, 6, 10.40
1585621281, 0, 176, 181, 149, 2, 2.31%, 36, 0, 6, 13.40
1585623342, 0, 176, 182, 150, 2, 2.31%, 36, 0, 7, 7.99
1585626603, 0, 178, 182, 149, 1, 2.31%, 36, 0, 7, 16.46
1585626989, 0, 178, 183, 150, 1, 2.31%, 36, 0, 7, 9.85
1585631788, 1, 7, 183, 149, 0, 2.31%, 36, 0, 7, 12.15
1585654693, 1, 10, 183, 148, 0, 2.31%, 36, 0, 7, 10.04
1585676735, 1, 12, 183, 147, 0, 2.31%, 36, 0, 7, 13.02
1585695448, 1, 12, 184, 148, 0, 2.31%, 36, 0, 7, 10.88
1585695458, 1, 12, 185, 149, 0, 2.31%, 36, 0, 7, 12.82
1585695514, 1, 13, 185, 148, 0, 2.31%, 36, 0, 7, 12.44
1585713715, 1, 13, 185, 148, 0, 2.31%, 37, 0, 7, 14.43
1585713720, 1, 17, 185, 147, 0, 2.31%, 37, 0, 7, 6.00
1585732270, 1, 20, 185, 146, 0, 2.31%, 37, 0, 7, 13.17
1585732275, 1, 22, 185, 146, 0, 2.31%, 37, 0, 7, 14.01
1585749269, 1, 22, 186, 147, 0, 2.31%, 37, 0, 7, 12.10
1585749280, 1, 25, 186, 146, 0, 2.31%, 37, 0, 7, 13.56
1585749285, 1, 26, 186, 146, 0, 2.31%, 37, 0, 7, 13.10
1585768441, 1, 28, 186, 145, 0, 2.31%, 37, 0, 7, 13.75
1585787119, 1, 29, 186, 144, 0, 2.31%, 37, 0, 7, 15.97
1585805607, 1, 30, 186, 143, 0, 2.31%, 37, 0, 7, 11.23
1585821735, 1, 30, 187, 144, 0, 2.31%, 37, 0, 7, 18.14
1585821740, 1, 74, 187, 143, 1, 2.31%, 37, 0, 7, 17.79
