
0 0
73 684
78 684
83 684
88 684
93 684
99 684
104 684
109 684
140 684
145 684
151 684
161 684
166 684
171 684
223 684
234 684
280 684
317 684
322 684
327 684
338 684
343 684
348 684
353 684
359 684
364 684
369 684
374 684
379 684
390 684
400 684
405 684
436 684
452 684
555 684
565 684
575 684
586 684
647 684
689 684
803 684
895 684
957 684
988 684
1081 684
1132 684
1246 684
1380 684
1519 684
1643 684
1669 684
1792 684
1844 684
1901 684
2036 684
2088 684
2218 684
2310 684
2316 684
2331 684
2459 684
2583 684
2645 684
2650 684
2655 684
2660 684
2666 684
2671 684
2676 684
2681 684
2686 684
2691 684
2696 684
2722 684
2727 684
2748 684
2753 684
2763 684
2774 684
2784 684
2810 684
2825 684
2830 684
2836 684
2841 684
2846 684
2867 684
2872 684
2898 684
2929 684
2960 684
3001 684
3166 684
3177 684
3223 684
3656 684
3828 684
4091 684
4117 684
4437 684
4624 684
4670 684
4892 684
5259 684
5596 684
5823 684
5879 684
5885 684
6148 684
6519 684
6839 684
7184 684
7189 684
7195 684
7205 684
7345 684
7428 684
7830 684
8227 684
8278 684
8294 684
8305 684
8315 684
8382 684
8424 684
8481 684
8506 684
8543 684
8591 684
8705 684
8798 684
8829 684
8870 684
8880 684
8937 684
9035 684
9045 684
9123 684
9164 684
9252 684
9293 684
9437 684
9443 684
9581 684
9627 684
9746 684
9921 684
9968 684
10371 684
10695 684
10950 684
11218 684
11649 684
11918 684
12305 684
12680 684
12732 684
12825 684
12918 684
12964 684
13006 684
13088 684
13145 684
13265 684
13342 684
13400 684
13524 684
13637 684
13678 684
13694 684
13746 684
13798 684
13818 684
13870 684
13921 684
14221 684
14567 684
14846 684
15274 684
15697 684
15754 684
15831 684
16218 684
16584 684
16961 684
17350 684
17391 684
17396 684
17480 684
17537 684
17589 684
17631 684
17688 684
17739 684
17811 684
17905 684
17977 684
18029 684
18075 684
18184 684
18236 684
18267 684
18292 684
18349 684
18690 684
19164 684
19236 684
19355 684
19416 684
19478 684
19525 684
19571 684
19618 684
19742 684
19794 684
19912 684
19979 684
20159 684
20174 684
20246 684
20370 684
20484 684
20655 684
21109 684
21589 684
22008 684
22276 684
22663 684
22679 3794
22694 3794
22704 3794
22720 3794
22778 3794
22788 3808
22799 3808
22804 3808
22819 3808
22855 3808
23355 3808
23729 3808
23801 3808
23933 3808
24006 3808
24079 3808
24150 3808
24346 3808
24418 3808
24608 3808
24644 3808
24649 3808
24665 3808
25090 3808
25100 3808
25106 3808
25121 3808
25126 3808
25250 3808
25740 3808
25756 3808
25766 3808
25782 3808
25787 3808
25797 3808
25844 3808
25849 3808
25942 3808
25988 3808
26050 3808
26071 3808
26221 3808
26253 3808
26350 3808
26360 3808
26494 3808
26566 3808
26861 3808
26867 3808
26897 3808
26965 3808
27037 3808
27052 3808
27068 3808
27073 3808
27114 3808
27393 3808
27408 3808
27439 3808
27531 3898
27536 3898
27656 3898
27868 3898
27915 3898
27926 3898
27982 3898
28333 3898
28636 3898
28641 3898
28656 3898
28683 3898
28693 3898
28734 3898
29008 3898
29039 3898
29107 3898
29368 3898
29430 3898
29440 3898
29446 3898
29461 3898
29472 3898
29492 3898
29513 3898
29528 3898
29616 3898
29915 3898
29936 3898
30023 3898
30153 3898
30460 3898
30480 3898
30496 3898
30542 3898
30609 3898
30655 3898
30717 3898
30893 3898
31012 3898
31141 3898
31574 3898
31579 3898
31584 3898
31590 3900
31744 3900
32039 3900
32070 3900
32142 3900
32230 3900
32236 3900
32328 3900
32633 3900
32675 3900
32711 3900
32742 3900
32757 3900
32845 3900
32850 3900
32943 3900
32975 3900
33268 3900
33289 3900
33556 3900
33876 3900
33933 3900
34041 3900
34119 3900
34129 3900
34155 3900
34465 3900
34526 3900
34557 3900
34562 3900
34588 3900
34635 3900
34645 3900
34697 3900
34744 3900
35199 3900
35267 3900
35572 3900
35587 3900
35815 3900
35903 3900
36316 3900
36410 3900
36446 3900
36726 3900
36731 3900
36746 3900
36772 3900
36797 3900
36989 3900
37050 3900
37424 3900
37516 3900
38089 3900
38104 3900
38115 3900
38176 3900
38528 3900
38580 3900
38590 3900
38636 3900
38765 3900
38864 3900
39188 3900
39214 3900
39224 3900
39240 3900
39271 3900
39276 3900
39281 3900
39348 3900
39358 3900
39497 3900
39503 3900
39575 3900
39928 3900
39948 3900
40045 3900
40092 3900
40102 3900
40190 3900
40277 3900
40603 3900
40618 3900
40639 3900
40649 3900
40696 3900
40855 3900
40963 3900
41360 3900
41519 3900
41571 3900
41612 3900
42269 3900
42300 3900
42693 3900
43104 3900
43263 3900
43341 3900
43933 3900
44056 3900
44539 3900
44601 3900
44643 3900
44679 3900
44694 3900
44699 3900
44725 3900
44736 3900
44756 3900
45148 3900
45195 3900
45246 3900
45287 3900
45715 3900
45736 3900
45782 3900
45792 3900
45916 3900
46318 3900
46827 3900
47275 3900
47348 3900
47511 3900
47583 3900
47645 3900
47681 3900
47702 3900
47754 3900
47877 3900
47882 3900
47887 3900
47908 3900
47934 3900
47949 3900
48001 3900
48057 3900
48119 3900
48134 3900
48160 3900
48196 3900
48207 3900
48311 3900
48341 3900
48624 3900
48995 3900
49135 3900
49176 3900
49378 3900
49771 3900
49812 3900
50211 3900
50587 3900
50948 3900
51036 3900
51670 3900
52165 3900
52180 3900
52268 3900
52310 3900
52356 3900
52393 3900
52491 3900
52573 3900
52945 3900
53038 3900
53466 3900
53584 3900
54178 3900
54690 3900
55196 3900
55284 3900
55748 3900
55815 3900
55867 3900
55872 3900
55918 3900
56316 3900
56362 3900
56827 3900
57405 3900
57477 3900
57544 3900
57555 3900
57591 3900
58011 3900
58016 3900
58146 3900
58239 3900
58244 3900
58750 3900
58823 3900
58864 3900
58957 3900
59602 3900
60046 3900
60747 3900
60783 3900
61145 3900
61335 3900
61769 3900
62226 3900
62595 3900
62698 3900
62781 3900
62920 3900
63418 3900
63506 3900
63650 3900
64215 3900
64298 3900
64958 3900
65323 3900
65503 3900
65683 3900
66238 3900
66289 3900
66371 3900
66413 3900
66779 3900
66790 3900
66883 3901
66919 3901
67430 3901
67724 3901
67760 3901
68178 3901
68208 3901
68213 3901
68224 3901
68260 3901
68322 3901
68373 3901
68384 3901
68430 3901
68446 3901
68492 3901
68548 3901
68569 3901
68704 3901
68750 3901
69033 3901
69075 3901
69445 3901
69786 3901
69791 3901
70349 3901
70442 3901
70498 3901
70529 3901
70560 3901
70623 3901
70952 3901
70972 3901
71065 3901
71524 3901
71952 3901
72014 3901
72463 3901
72555 3901
72648 3901
73144 3901
73418 3901
73474 3901
73572 3901
73618 3901
73732 3901
74359 3901
74884 3901
75029 3901
75463 3901
75697 3901
76232 3901
76433 3901
76891 3901
76954 3901
77382 3901
77439 3901
77938 3901
78104 3901
78465 3901
78589 3901
78594 3901
78745 3901
79164 3901
79210 3901
79221 3901
79323 3901
79364 3901
79400 3901
79560 3901
79950 3901
80062 3901
80104 3901
80594 3901
80821 3901
80826 3901
80852 3901
80868 3901
81178 3901
81281 3901
81695 3901
82084 3901
82198 3901
82239 3901
82259 3901
82409 3901
82440 3901
82943 3901
83355 3901
83669 3901
83695 3901
83742 3901
84109 3901
84150 3901
84191 3901
84212 3901
84222 3901
84242 3901
84350 3901
84407 3901
84459 3901
84506 3901
84511 3901
84536 3901
84562 3901
84577 3901
84783 3901
85171 3901
85558 3901
85846 3901
85903 3901
86203 3901
86727 3901
87094 3901
87151 3901
87182 3901
87213 3901
87223 3901
87239 3901
87306 3901
87372 3901
87440 3901
88087 3901
88412 3901
88520 3901
88875 3901
88937 3901
88943 3901
88974 3901
89041 3901
89108 3901
89568 3901
89992 3901
90074 3901
90475 3901
90567 3901
90990 3901
91248 3901
91331 3901
91762 3901
92249 3901
92295 3901
92754 3901
93087 3901
93216 3901
93681 3901
94182 3901
94192 3901
94197 3901
94223 3901
94326 3901
94818 3901
95396 3901
95670 3901
95727 3901
95773 3901
96370 3901
97134 3901
97201 3901
97572 3901
97951 3901
98193 3901
98219 3901
98229 3901
98435 3901
98466 3901
98497 3901
98538 3901
98554 3901
99113 3901
99134 3901
99159 3901
99231 3901
99588 3901
99722 3901
100308 3901
100660 3901
101032 3901
101693 3901
102095 3901
102539 3901
103112 3901
103205 3901
103251 3901
103282 3901
103323 3901
103756 3901
104259 3901
104779 3901
105292 3901
105302 3901
105405 3901
105899 3901
105976 3901
106583 3901
106832 3901
106863 3901
107380 3901
107493 3901
107545 3901
107597 3901
107690 3901
107695 3901
107814 3901
107860 3901
107896 3901
107923 3901
107928 3901
108020 3901
108041 3901
108062 3901
108113 3901
108118 3901
108165 3901
108211 3901
108571 3901
108633 3901
108916 3901
108968 3901
109020 3901
109133 3901
109556 3901
110055 3901
110116 3901
110317 3901
110374 3901
110431 3901
110482 3901
110513 3901
110549 3901
110606 3901
110657 3901
111111 3901
111147 3901
111168 3901
111559 3901
111652 3901
111715 3901
112193 3901
112743 3901
112825 3901
112919 3901
113435 3901
114036 3901
114597 3901
114602 3901
114607 3901
114659 3901
115093 3901
115503 3901
115565 3901
116086 3901
116143 3901
116169 3901
116324 3901
116808 3901
117362 3901
117974 3901
118000 3901
118047 3901
118149 3901
118551 3901
118582 3901
118700 3901
119290 3901
119745 3901
120106 3901
120800 3901
121038 3901
121250 3901
121343 3901
121399 3901
121953 3901
122520 3901
123072 3901
123581 3901
123851 3901
123861 3901
123866 3901
124104 3901
124491 3901
125000 3901
125062 3901
125078 3901
125098 3901
125108 3901
125433 3901
125485 3901
125505 3901
125847 3901
125900 3901
125906 3901
126341 3901
126655 3901
126671 3901
126852 3901
126944 3901
127249 3901
127305 3901
127352 3901
127465 3901
127512 3901
127563 3901
127656 3901
127698 3901
127749 3901
127805 3901
127858 3901
127868 3901
127878 3901
127915 3901
127966 3901
128157 3901
128173 3901
128461 3901
128518 3901
128914 3901
129434 3901
129844 3901
129921 3901
129977 3901
130034 3901
130101 3901
130163 3901
130215 3901
130266 3901
130328 3901
130768 3901
131246 3901
131318 3901
131787 3901
131879 3901
132003 3901
132060 3901
132431 3901
132483 3901
132668 3901
133035 3901
133514 3901
134094 3901
134673 3901
135070 3901
135513 3901
135857 3901
135935 3901
136429 3901
136434 3901
136491 3901
136599 3901
136661 3901
137047 3901
137170 3901
137689 3901
138178 3901
138436 3901
138984 3901
139324 3901
139725 3901
139854 3901
140090 3901
140408 3901
140449 3901
140454 3901
140568 3901
141097 3901
141603 3901
141629 3901
141758 3901
142260 3901
142907 3901
143262 3901
143298 3901
143488 3901
143802 3901
144212 3901
144547 3901
144588 3901
144959 3901
145139 3901
145557 3901
146082 3901
146108 3901
146210 3901
146660 3901
146712 3901
146758 3901
146810 3901
146820 3901
146908 3901
146949 3901
146996 3901
147011 3901
147021 3901
147068 3901
147078 3901
147135 3901
147197 3901
147243 3901
147284 3901
147346 3901
147393 3901
147424 3901
147693 3901
147759 3901
148103 3901
148155 3901
148547 3901
148990 3901
149041 3901
149103 3901
149160 3901
149170 3901
149227 3901
149768 3901
150251 3901
150256 3901
150261 3901
150714 3901
150818 3901
151302 3901
151353 3901
151410 3901
151600 3901
151812 3901
152058 3901
152550 3901
152633 3901
153132 3901
153671 3901
153676 3901
154118 3901
154627 3901
154632 3901
154709 3901
154880 3901
155195 3901
155220 3901
155310 3901
155376 3901
155443 3901
155932 3901
156320 3901
156669 3901
156674 3901
156907 3901
156989 3901
157015 3901
157471 3901
157941 3901
158566 3901
159016 3901
159037 3901
159525 3901
159959 3901
160247 3901
160252 3901
160536 3901
160952 3901
161070 3901
161131 3901
161447 3901
161591 3901
161653 3901
161772 3901
162387 3901
163031 3901
163083 3901
163134 3901
163216 3901
163262 3901
163272 3901
163318 3901
163376 3901
163381 3901
163432 3901
163479 3901
163542 3901
163563 3901
163609 3901
163661 3901
163728 3901
163806 3901
163858 3901
163925 3901
163987 3901
164473 3901
164597 3901
164653 3901
164777 3901
164896 3901
164962 3901
164978 3901
165040 3901
165092 3901
165154 3901
165242 3901
165890 3901
166288 3901
166381 3901
166447 3901
166900 3901
167443 3901
167762 3901
167834 3901
167927 3901
168324 3901
168422 3901
168659 3901
168711 3901
169143 3901
169200 3901
169622 3901
169807 3901
169993 3901
170651 3901
170832 3901
171340 3901
171475 3901
171609 3901
171676 3901
171749 3901
172291 3901
172486 3901
172610 3901
173194 3901
173534 3901
173946 3901
174043 3901
174049 3901
174476 3901
174893 3901
174986 3901
175450 3901
175842 3901
175945 3901
176549 3901
177085 3901
177137 3901
177183 3901
177240 3901
177291 3901
177307 3901
177348 3901
177399 3901
177456 3901
177502 3901
177555 3901
177571 3901
177607 3901
177612 3901
177730 3901
177855 3901
178092 3901
178149 3901
178586 3901
178642 3901
178704 3901
178760 3901
179180 3901
179718 3901
179795 3901
179851 3901
179913 3901
180290 3901
180341 3901
180766 3901
180867 3901
180928 3901
181113 3901
181196 3901
181311 3901
181342 3901
181378 3901
181963 3901
182456 3901
182507 3901
182554 3901
182940 3901
183038 3901
183774 3901
183809 3901
183851 3901
184303 3901
184768 3901
185030 3901
185600 3901
186180 3901
186399 3901
186786 3901
187195 3901
187592 3901
188105 3901
188486 3901
188569 3901
188986 3901
189155 3901
189561 3901
190070 3901
190085 3901
190259 3901
190331 3901
190880 3901
191458 3901
191650 3901
192093 3901
192537 3901
192593 3901
192603 3901
192649 3901
192696 3901
192793 3901
192851 3901
192897 3901
192907 3901
192959 3901
193016 3901
193062 3901
193451 3901
193512 3901
193553 3901
193605 3901
193677 3901
194076 3901
194143 3901
194200 3901
194257 3901
194313 3901
194370 3901
194386 3901
194422 3901
194444 3901
194501 3901
194558 3901
194578 3901
194583 3901
194588 3901
194640 3901
195135 3901
195294 3901
195376 3901
195490 3901
195623 3901
195757 3901
195871 3901
195917 3901
195963 3901
196442 3901
196550 3901
197015 3901
197389 3901
198031 3901
198180 3901
198247 3901
198365 3901
198550 3901
198804 3901
198913 3901
199382 3901
199805 3901
200283 3901
200526 3901
200609 3901
201226 3901
201749 3901
201830 3901
202282 3901
202318 3901
202597 3901
202977 3901
203029 3901
203482 3901
203502 3901
203671 3901
203966 3901
203971 3901
203976 3901
203981 3901
204012 3901
204032 3901
204048 3901
204188 3901
204676 3901
205215 3901
205872 3901
205892 3901
206279 3901
206326 3901
206337 3901
206342 3901
206378 3901
206383 3901
206435 3901
206486 3901
206497 3901
206548 3901
206594 3901
206646 3901
207016 3901
207443 3901
207520 3901
207577 3901
207654 3901
207701 3901
207752 3901
207762 3901
207933 3901
208098 3901
208360 3901
208797 3901
208823 3901
209084 3901
209095 3901
209264 3901
209352 3901
209392 3901
209838 3901
209874 3901
209931 3901
210456 3901
210476 3901
210508 3901
210564 3901
210616 3901
210667 3901
210672 3901
210719 3901
210771 3901
210823 3901
210833 3901
210880 3901
210926 3901
211314 3901
211792 3901
211849 3901
211916 3901
211987 3901
212055 3901
212173 3901
212230 3901
212287 3901
212349 3901
212427 3901
212509 3901
212689 3901
212863 3901
212951 3901
213539 3901
213595 3901
213967 3901
214023 3901
214158 3901
214339 3901
214582 3901
214695 3901
215231 3901
215643 3901
215782 3901
216236 3901
216340 3901
216799 3901
216866 3901
217272 3901
217662 3901
217729 3901
217920 3901
218355 3901
218366 3901
218861 3901
218901 3901
218953 3901
219000 3901
219051 3901
219097 3901
219155 3901
219160 3901
219211 3901
219268 3901
219309 3901
219360 3901
219407 3901
219454 3901
219511 3901
219624 3901
219707 3901
219763 3901
219815 3901
219892 3901
219959 3901
220026 3901
220082 3901
220139 3901
220221 3901
220314 3901
220509 3901
220675 3901
220763 3901
220819 3901
220876 3901
221268 3901
221340 3901
221366 3901
221412 3901
221593 3901
221711 3901
221769 3901
222031 3901
222137 3901
222184 3901
222189 3901
222326 3901
222698 3901
222719 3901
222765 3901
223068 3901
223119 3901
223176 3901
223687 3901
223739 3901
223796 3901
223837 3901
223889 3901
223935 3901
223987 3901
223992 3901
224044 3901
224101 3901
224147 3901
224193 3901
224249 3901
224301 3901
224347 3901
224455 3901
224522 3901
224646 3901
224703 3901
224770 3901
224827 3901
224889 3901
225270 3901
225327 3901
225389 3901
225475 3901
225639 3901
225670 3901
225721 3901
225824 3901
226136 3901
226228 3901
226316 3901
226480 3901
226572 3901
226624 3901
226639 3901
226675 3901
227051 3901
227539 3901
227781 3901
228018 3901
228573 3901
228909 3901
229105 3901
229638 3901
230062 3901
230382 3901
230561 3901
231049 3901
231437 3901
231809 3901
232187 3901
232497 3901
232574 3901
232693 3901
233197 3901
233418 3901
233475 3901
233537 3901
233588 3901
233645 3901
233696 3901
233753 3901
233799 3901
233851 3901
233862 3901
233913 3901
233969 3901
234037 3901
234104 3901
234155 3901
234201 3901
234211 3901
234278 3901
234340 3901
234813 3901
234865 3901
235374 3901
235441 3901
235508 3901
235601 3901
235689 3901
235797 3901
235926 3901
235978 3901
236025 3901
236148 3901
236641 3901
236821 3901
236909 3901
237181 3901
237435 3901
237688 3901
237703 3901
237981 3901
238043 3901
238589 3901
238594 3901
238852 3901
238990 3901
239145 3901
239584 3901
239913 3901
239991 3901
240612 3901
241142 3901
241178 3901
241541 3901
241738 3901
242223 3901
242228 3901
242264 3901
242765 3901
242822 3901
242868 3901
242914 3901
242971 3901
243028 3901
243033 3901
243085 3901
243147 3901
243214 3901
243672 3901
243781 3901
243843 3901
243899 3901
244260 3901
244326 3901
244383 3901
244451 3901
244513 3901
244606 3901
244704 3901
244889 3901
244935 3901
245121 3901
245183 3901
245383 3901
245812 3901
245894 3901
245925 3901
246148 3901
246251 3901
246349 3901
246809 3901
246927 3901
247188 3901
247724 3901
247729 3901
248101 3901
248231 3901
248323 3901
248982 3901
249204 3901
249706 3901
250081 3901
250266 3901
250323 3901
250379 3901
250431 3901
250482 3901
250529 3901
250586 3901
250591 3901
250642 3901
250689 3901
250735 3901
250783 3901
250835 3901
250886 3901
250932 3901
250994 3901
251061 3901
251118 3901
251180 3901
251242 3901
251299 3901
251356 3901
251790 3901
251888 3901
251935 3901
252121 3901
252167 3901
252372 3901
252624 3901
252800 3901
252965 3901
253083 3901
253257 3901
253432 3901
253741 3901
254118 3901
254395 3901
254662 3901
254786 3901
255305 3901
255534 3901
255740 3901
256267 3901
256319 3901
256329 3901
256365 3901
256412 3901
256463 3901
256520 3901
256536 3901
256588 3901
256697 3901
256723 3901
256795 3901
256852 3901
256913 3901
257032 3901
257099 3901
257161 3901
257233 3901
257305 3901
257372 3901
257439 3901
257532 3901
257629 3901
257727 3901
257845 3901
257974 3901
258025 3901
258087 3901
258562 3901
258624 3901
258733 3901
258990 3901
259128 3901
259216 3901
259766 3901
260260 3901
260384 3901
260584 3901
261011 3901
261089 3901
261332 3901
261404 3901
261481 3901
261621 3901
261836 3901
262214 3901
262618 3901
262778 3901
262973 3901
263534 3901
263586 3901
263632 3901
263684 3901
263736 3901
263787 3901
263839 3901
263885 3901
263900 3901
263905 3901
263951 3901
264013 3901
264059 3901
264106 3901
264158 3901
264220 3901
264236 3901
264282 3901
264348 3901
264400 3901
264457 3901
264519 3901
264590 3901
264684 3901
264772 3901
264854 3901
264937 3901
265056 3901
265108 3901
265191 3901
265242 3901
265362 3901
265475 3901
265670 3901
265737 3901
265990 3901
266223 3901
266404 3901
266642 3901
266889 3901
267532 3901
267728 3901
267794 3901
268180 3901
268370 3901
268701 3901
269108 3901
269473 3901
269519 3901
269545 3901
269566 3901
269617 3901
269664 3901
269710 3901
269721 3901
269767 3901
269819 3901
269875 3901
269922 3901
269984 3901
270041 3901
270097 3901
270159 3901
270215 3901
270272 3901
270329 3901
270406 3901
270581 3901
270669 3901
270751 3901
270843 3901
270946 3901
270987 3901
271033 3901
271488 3901
271647 3901
271725 3901
271921 3901
272112 3901
272221 3901
272398 3901
272495 3901
272753 3901
272862 3901
272944 3901
273006 3901
273254 3901
273346 3901
273516 3901
273758 3901
273877 3901
274345 3901
274927 3901
275349 3901
275421 3901
275765 3901
275982 3901
276069 3901
276654 3901
276701 3901
276752 3901
276804 3901
276851 3901
276898 3901
276949 3901
277012 3901
277028 3901
277079 3901
277136 3901
277183 3901
277235 3901
277276 3901
277333 3901
277385 3901
277442 3901
277508 3901
277580 3901
277642 3901
277704 3901
277766 3901
277926 3901
277983 3901
278054 3901
278122 3901
278242 3901
278367 3901
278418 3901
278475 3901
278547 3901
278680 3901
278799 3901
278899 3901
279152 3901
279399 3901
279518 3901
279585 3901
279760 3901
279972 3901
280141 3901
280146 3901
280802 3901
280807 3901
280905 3901
281161 3901
281219 3901
281348 3901
281368 3901
281425 3901
281476 3901
281522 3901
281579 3901
281635 3901
281687 3901
281733 3901
281744 3901
281795 3901
281837 3901
281889 3901
281941 3901
282399 3901
282476 3901
282532 3901
282594 3901
282661 3901
282723 3901
282801 3901
282863 3901
282934 3901
283028 3901
283130 3901
283198 3901
283244 3901
283300 3901
283476 3901
283718 3901
283816 3901
283935 3901
284008 3901
284224 3901
284819 3901
284891 3901
285062 3901
285514 3901
285576 3901
285653 3901
285726 3901
285773 3901
285957 3901
286045 3901
286435 3901
286580 3901
287098 3901
287134 3901
287191 3901
287515 3901
287705 3901
287885 3901
288375 3901
288884 3901
289008 3901
289621 3901
289678 3901
289745 3901
289798 3901
289839 3901
289890 3901
289942 3901
289947 3901
289993 3901
290055 3901
290122 3901
290173 3901
290245 3901
290312 3901
290364 3901
290431 3901
290483 3901
290550 3901
290602 3901
290612 3901
290648 3901
290741 3901
290860 3901
290911 3901
290983 3901
291045 3901
291132 3901
291364 3901
291617 3901
291787 3901
292030 3901
292478 3901
292607 3901
292762 3901
293029 3901
293218 3901
293290 3901
293894 3901
293982 3901
294043 3901
294424 3901
294563 3901
294578 3901
295114 3901
295563 3901
295836 3901
296395 3901
296806 3901
296914 3901
296960 3901
297002 3901
297048 3901
297099 3901
297156 3901
297213 3901
297270 3901
297286 3901
297337 3901
297388 3901
297435 3901
297548 3901
297667 3901
297723 3901
297780 3901
297837 3901
298008 3901
298092 3901
298163 3901
298230 3901
298328 3901
298421 3901
298510 3901
298695 3901
298787 3901
298905 3901
298962 3901
299024 3901
299076 3901
299164 3901
299262 3901
299355 3901
299413 3901
299542 3901
299805 3901
299867 3901
300114 3901
300378 3901
300450 3901
300842 3901
300960 3901
301027 3901
301474 3901
301541 3901
301783 3901
302299 3901
302319 3901
302869 3901
303369 3901
303852 3901
303884 3901
303936 3901
303987 3901
304462 3901
304493 3901
304570 3901
305172 3901
305224 3901
305285 3901
305337 3901
305388 3901
305439 3901
305491 3901
305537 3901
305547 3901
305619 3901
305671 3901
305728 3901
305780 3901
305852 3901
305909 3901
305966 3901
306027 3901
306068 3901
306104 3901
306166 3901
306259 3901
306448 3901
306546 3901
306603 3901
306660 3901
306778 3901
306840 3901
306928 3901
306984 3901
307015 3901
307135 3901
307317 3901
307384 3901
307662 3901
307730 3901
307987 3901
308048 3901
308333 3901
308518 3901
309089 3901
309560 3901
310254 3901
310315 3901
310372 3901
310423 3901
310475 3901
310490 3901
310516 3901
310537 3901
310552 3901
310594 3901
310604 3901
310655 3901
310712 3901
310758 3901
310810 3901
310887 3901
310948 3901
311010 3901
311072 3901
311128 3901
311194 3901
311255 3901
311323 3901
311410 3901
311508 3901
311559 3901
311703 3901
311892 3901
311944 3901
312047 3901
312135 3901
312259 3901
312438 3901
312619 3901
312861 3901
313104 3901
313357 3901
313486 3901
313548 3901
313626 3901
313744 3901
314004 3901
314468 3901
314530 3901
315139 3901
315552 3901
315598 3901
315650 3901
315712 3901
315773 3901
315819 3901
315845 3901
315871 3901
315923 3901
315939 3901
315995 3901
316042 3901
316083 3901
316145 3901
316197 3901
316264 3901
316285 3901
316326 3901
316404 3901
316466 3901
316527 3901
316614 3901
316692 3901
316825 3901
316877 3901
316944 3901
316995 3901
317087 3901
317160 3901
317211 3901
317350 3901
317550 3901
317673 3901
317772 3901
317906 3901
318077 3901
318340 3901
318530 3901
319009 3901
319256 3901
319291 3901
319327 3901
319400 3901
320043 3901
320518 3901
321158 3901
321554 3901
321930 3901
321981 3901
322007 3901
322043 3901
322099 3901
322141 3901
322192 3901
322244 3901
322295 3901
322301 3901
322321 3901
322362 3901
322413 3901
322465 3901
322527 3901
322583 3901
322635 3901
322697 3901
322753 3901
322824 3901
322892 3901
322975 3901
323037 3901
323135 3901
323269 3901
323326 3901
323378 3901
323507 3901
323538 3901
323735 3901
323864 3901
323935 3901
324066 3901
324184 3901
324355 3901
324469 3901
324640 3901
324707 3901
324835 3901
324902 3901
325045 3901
325107 3901
325864 3901
326265 3901
326322 3901
326363 3901
326420 3901
326476 3901
326523 3901
326539 3901
326590 3901
326642 3901
326708 3901
326801 3901
326848 3901
326905 3901
326941 3901
326972 3901
327039 3901
327095 3901
327157 3901
327239 3901
327302 3901
327359 3901
327442 3901
327519 3901
327616 3901
327709 3901
327802 3901
327992 3901
328044 3901
328095 3901
328152 3901
328291 3901
328554 3901
328725 3901
328850 3901
328927 3901
329119 3901
329252 3901
329304 3901
329386 3901
329484 3901
329551 3901
329618 3901
329998 3901
330559 3901
330590 3901
330647 3901
331110 3901
331156 3901
331213 3901
331275 3901
331332 3901
331342 3901
331384 3901
331435 3901
331482 3901
331528 3901
331580 3901
331641 3901
331703 3901
331785 3901
331837 3901
331935 3901
331991 3901
332053 3901
332141 3901
332234 3901
332311 3901
332395 3901
332472 3901
332600 3901
332833 3901
332885 3901
332936 3901
332998 3901
333065 3901
333163 3901
333234 3901
333405 3901
333987 3901
334238 3901
334300 3901
334310 3901
334490 3901
334665 3901
334670 3901
334712 3901
334773 3901
335292 3901
335369 3901
335488 3901
335570 3901
336091 3901
336488 3901
336998 3901
337044 3901
337096 3901
337147 3901
337199 3901
337250 3901
337306 3901
337317 3901
337369 3901
337415 3901
337461 3901
337518 3901
337575 3901
337627 3901
337673 3901
337746 3901
337803 3901
337870 3901
337922 3901
337979 3901
338061 3901
338133 3901
338190 3901
338252 3901
338340 3901
338422 3901
338479 3901
338536 3901
338607 3901
338685 3901
338758 3901
338872 3901
339000 3901
339077 3901
339253 3901
339325 3901
339864 3901
340060 3901
340133 3901
340200 3901
340267 3901
340505 3901
340571 3901
340773 3901
340850 3901
341349 3901
341967 3901
342014 3901
342071 3901
342123 3901
342179 3901
342190 3901
342231 3901
342277 3901
342334 3901
342386 3901
342432 3901
342499 3901
342555 3901
342616 3901
342678 3901
342735 3901
342802 3901
342868 3901
342925 3901
342992 3901
343054 3901
343117 3901
343204 3901
343292 3901
343374 3901
343493 3901
343544 3901
343601 3901
343658 3901
343729 3901
343853 3901
343931 3901
344168 3901
344400 3901
344581 3901
344777 3901
344850 3901
345040 3901
345102 3901
345169 3901
345415 3901
345595 3901
345652 3901
345704 3901
345745 3901
345791 3901
345847 3901
345899 3901
345945 3901
345997 3901
346048 3901
346105 3901
346162 3901
346229 3901
346291 3901
346363 3901
346440 3901
346522 3901
346574 3901
346636 3901
346749 3901
346806 3901
346852 3901
346945 3901
347075 3901
347122 3901
347231 3901
347298 3901
347365 3901
347479 3901
347572 3901
347758 3901
347820 3901
347893 3901
348129 3901
348396 3901
348597 3901
348971 3901
349362 3901
349403 3901
349781 3901
349822 3901
349879 3901
349931 3901
349977 3901
350034 3901
350044 3901
350090 3901
350147 3901
350214 3901
350286 3901
350352 3901
350425 3901
350487 3901
350559 3901
350696 3901
350752 3901
350814 3901
350885 3901
350942 3901
351004 3901
351061 3901
351117 3901
351195 3901
351272 3901
351355 3901
351462 3901
351587 3901
351638 3901
351694 3901
351823 3901
351896 3901
352070 3901
352137 3901
352220 3901
352313 3901
352550 3901
352720 3901
352885 3901
353080 3901
353275 3901
353405 3901
353477 3901
353693 3901
353760 3901
353957 3901
354230 3901
354635 3901
354773 3901
355346 3901
355402 3901
355454 3901
355500 3901
355557 3901
355609 3901
355619 3901
355667 3901
355724 3901
355780 3901
355832 3901
355889 3901
355961 3901
356074 3901
356131 3901
356172 3901
356203 3901
356255 3901
356312 3901
356338 3901
356405 3901
356456 3901
356482 3901
356570 3901
356663 3901
356740 3901
356973 3901
357019 3901
357076 3901
357122 3901
357220 3901
357474 3901
357588 3901
357686 3901
357744 3901
357821 3901
357939 3901
358001 3901
358182 3901
358366 3901
358573 3901
358650 3901
358851 3901
359026 3901
359088 3901
359212 3901
359284 3901
359542 3901
359568 3901
360128 3901
360374 3901
360950 3901
361237 3901
361563 3901
361614 3901
361665 3901
361711 3901
361763 3901
361819 3901
361835 3901
361881 3901
361939 3901
361995 3901
362057 3901
362124 3901
362171 3901
362228 3901
362290 3901
362352 3901
362413 3901
362476 3901
362666 3901
362855 3901
362975 3901
363034 3901
363101 3901
363158 3901
363219 3901
363281 3901
363379 3901
363440 3901
363569 3901
363825 3901
364020 3901
364200 3901
364401 3901
364580 3901
364713 3901
364775 3901
364899 3901
364966 3901
365048 3901
365310 3901
365593 3901
365840 3901
366045 3901
366620 3901
366919 3901
367268 3901
367315 3901
367367 3901
367423 3901
367469 3901
367521 3901
367572 3901
367618 3901
367629 3901
367686 3901
367737 3901
367783 3901
367912 3901
367974 3901
368037 3901
368093 3901
368145 3901
368212 3901
368268 3901
368330 3901
368392 3901
368443 3901
368603 3901
368676 3901
368722 3901
368784 3901
368872 3901
368975 3901
369037 3901
369145 3901
369197 3901
369321 3901
369388 3901
369620 3901
369712 3901
369840 3901
370086 3901
370205 3901
370395 3901
370534 3901
370689 3901
370761 3901
370950 3901
371022 3901
371295 3901
371474 3901
371839 3901
371916 3901
372410 3901
372812 3901
373002 3901
373044 3901
373101 3901
373147 3901
373199 3901
373246 3901
373303 3901
373308 3901
373359 3901
373415 3901
373473 3901
373529 3901
373580 3901
373647 3901
373703 3901
373770 3901
373843 3901
373905 3901
373966 3901
374023 3901
374049 3901
374126 3901
374264 3901
374321 3901
374372 3901
374449 3901
374573 3901
374636 3901
374899 3901
374961 3901
375075 3901
375173 3901
375445 3901
375622 3901
375705 3901
375889 3901
375951 3901
376023 3901
376281 3901
376481 3901
376646 3901
376687 3901
376734 3901
376790 3901
376837 3901
376883 3901
376899 3901
376946 3901
376998 3901
377045 3901
377106 3901
377158 3901
377225 3901
377281 3901
377333 3901
377405 3901
377467 3901
377555 3901
377658 3901
377767 3901
377818 3901
377865 3901
377912 3901
378026 3901
378134 3901
378201 3901
378294 3901
378382 3901
378502 3901
378625 3901
378898 3901
379074 3901
379335 3901
379526 3901
379645 3901
379758 3901
379830 3901
379958 3901
380170 3901
380231 3901
380443 3901
380520 3901
380778 3901
381055 3901
381580 3901
381626 3901
381678 3901
381729 3901
381775 3901
381822 3901
381878 3901
381925 3901
381976 3901
381981 3901
382037 3901
382083 3901
382129 3901
382196 3901
382247 3901
382314 3901
382371 3901
382447 3901
382515 3901
382581 3901
382674 3901
382746 3901
382823 3901
382916 3901
383039 3901
383091 3901
383143 3901
383214 3901
383270 3901
383538 3901
383600 3901
383801 3901
383910 3901
383977 3901
384148 3901
384220 3901
384430 3901
384701 3901
384804 3901
384968 3901
385240 3901
385292 3901
385343 3901
385353 3901
385400 3901
385456 3901
385508 3901
385554 3901
385616 3901
385621 3901
385673 3901
385719 3901
385771 3901
385833 3901
385880 3901
385957 3901
386013 3901
386075 3901
386142 3901
386209 3901
386323 3901
386395 3901
386452 3901
386514 3901
386581 3901
386784 3901
386882 3901
386939 3901
386980 3901
386996 3901
387052 3901
387114 3901
387182 3901
387285 3901
387341 3901
387403 3901
387641 3901
387723 3901
387800 3901
387872 3901
388053 3901
388319 3901
388396 3901
388678 3901
389078 3901
389125 3901
389526 3901
389998 3901
390050 3901
390102 3901
390158 3901
390199 3901
390256 3901
390261 3901
390313 3901
390323 3901
390374 3901
390431 3901
390488 3901
390545 3901
390611 3901
390668 3901
390724 3901
390791 3901
390807 3901
390853 3901
390909 3901
390976 3901
391074 3901
391131 3901
391229 3901
391301 3901
391352 3901
391404 3901
391465 3901
391521 3901
391593 3901
391722 3901
391806 3901
391914 3901
391986 3901
392065 3901
392163 3901
392296 3901
392471 3901
392533 3901
392811 3901
392883 3901
393002 3901
393188 3901
393682 3901
393740 3901
393786 3901
393843 3901
393879 3901
393905 3901
393967 3901
394019 3901
394034 3901
394081 3901
394101 3901
394132 3901
394204 3901
394250 3901
394327 3901
394384 3901
394446 3901
394513 3901
394601 3901
394662 3901
394730 3901
394793 3901
394876 3901
394938 3901
394984 3901
395087 3901
395153 3901
395220 3901
395298 3901
395494 3901
395581 3901
395648 3901
395726 3901
395798 3901
395870 3901
396075 3901
396152 3901
396346 3901
396623 3901
396628 3901
396685 3901
396742 3901
396788 3901
396840 3901
396896 3901
396917 3901
396969 3901
397020 3901
397092 3901
397112 3901
397148 3901
397195 3901
397216 3901
397242 3901
397293 3901
397350 3901
397412 3901
397468 3901
397566 3901
397738 3901
397835 3901
397928 3901
398113 3901
398232 3901
398305 3901
398381 3901
398453 3901
398588 3901
398644 3901
398711 3901
398804 3901
398881 3901
398938 3901
399078 3901
399207 3901
399387 3901
399460 3901
399538 3901
399810 3901
399871 3901
399948 3901
400210 3901
400430 3901
400713 3901
400759 3901
400806 3901
400857 3901
400920 3901
400976 3901
400991 3901
401053 3901
401110 3901
401156 3901
401213 3901
401270 3901
401332 3901
401379 3901
401442 3901
401476 3901
401511 3901
401578 3901
401646 3901
401725 3901
401782 3901
401844 3901
401902 3901
402114 3901
402196 3901
402263 3901
402320 3901
402382 3901
402485 3901
402573 3901
402686 3901
402763 3901
402897 3901
402948 3901
403011 3901
403113 3901
403165 3901
403237 3901
403284 3901
403412 3901
403464 3901
403567 3901
403701 3901
403944 3901
403995 3901
404155 3901
404294 3901
404423 3901
404490 3901
404690 3901
404763 3901
404840 3901
405019 3901
405101 3901
405178 3901
405311 3901
405619 3901
405873 3901
406197 3901
406679 3901
407070 3901
407168 3901
407730 3901
407786 3901
407837 3901
407889 3901
407940 3901
407946 3901
407997 3901
408049 3901
408106 3901
408153 3901
408215 3901
408267 3901
408313 3901
408360 3901
408416 3901
408473 3901
408535 3901
408597 3901
408649 3901
408716 3901
408773 3901
408840 3901
408917 3901
408953 3901
408979 3901
409037 3901
409170 3901
409252 3901
409330 3901
409402 3901
409680 3901
409825 3901
409897 3901
409964 3901
410211 3901
410345 3901
410406 3901
410478 3901
410670 3901
410798 3901
410880 3901
410936 3901
411221 3901
411585 3901
411775 3901
411795 3901
411867 3901
411930 3901
412471 3901
412518 3901
413269 3901
413320 3901
413372 3901
413423 3901
413474 3901
413490 3901
413537 3901
413583 3901
413645 3901
413696 3901
413764 3901
413820 3901
413877 3901
413939 3901
414000 3901
414057 3901
414129 3901
414186 3901
414273 3901
414335 3901
414340 3901
414397 3901
414464 3901
414474 3901
414721 3901
414783 3901
414886 3901
414943 3901
415189 3901
415432 3901
415559 3901
415733 3901
415795 3901
415996 3901
416063 3901
416089 3901
416145 3901
416341 3901
416870 3901
417447 3901
417832 3901
418099 3901
418479 3901
418727 3901
419094 3901
419473 3901
419607 3901
419649 3901
420032 3901
420100 3901
420156 3901
420208 3901
420264 3901
420274 3901
420316 3901
420362 3901
420419 3901
420475 3901
420537 3901
420604 3901
420666 3901
420717 3901
420789 3901
420856 3901
420940 3901
421002 3901
421085 3901
421275 3901
421358 3901
421534 3901
421585 3901
421657 3901
421724 3901
421986 3901
422084 3901
422151 3901
422285 3901
422362 3901
422614 3901
422796 3901
422879 3901
423003 3901
423352 3901
423403 3901
423845 3901
423901 3901
423953 3901
424005 3901
424051 3901
424109 3901
424155 3901
424202 3901
424207 3901
424254 3901
424301 3901
424352 3901
424399 3901
424460 3901
424522 3901
424579 3901
424645 3901
424702 3901
424764 3901
424827 3901
424910 3901
424972 3901
425039 3901
425137 3901
425230 3901
425292 3901
425344 3901
425405 3901
425478 3901
425545 3901
425801 3901
425863 3901
425920 3901
426106 3901
426168 3901
426235 3901
426425 3901
426487 3901
426549 3901
426832 3901
427087 3901
427165 3901
427417 3901
428043 3901
428676 3901
428712 3901
428768 3901
428819 3901
428879 3901
428931 3901
428982 3901
428987 3901
429039 3901
429101 3901
429147 3901
429199 3901
429256 3901
429313 3901
429365 3901
429437 3901
429508 3901
429565 3901
429627 3901
429709 3901
429766 3901
429849 3901
429894 3901
429966 3901
430038 3901
430172 3901
430290 3901
430486 3901
430558 3901
430682 3901
430729 3901
430785 3901
430878 3901
431001 3901
431048 3901
431068 3901
431147 3901
431209 3901
431298 3901
431365 3901
431488 3901
431688 3901
431832 3901
432403 3901
432907 3901
433164 3901
433221 3901
433314 3901
433591 3901
433704 3901
433750 3901
433776 3901
434208 3901
434649 3901
434670 3901
434721 3901
434777 3901
434828 3901
434880 3901
434941 3901
434956 3901
435069 3901
435141 3901
435208 3901
435269 3901
435336 3901
435403 3901
435460 3901
435537 3901
435611 3901
435678 3901
435735 3901
435787 3901
435854 3901
435931 3901
436034 3901
436128 3901
436164 3901
436215 3901
436276 3901
436317 3901
436369 3901
436467 3901
436539 3901
436591 3901
436643 3901
436694 3901
436911 3901
436958 3901
437097 3901
437253 3901
437310 3901
437362 3901
437557 3901
437686 3901
437893 3901
438006 3901
438109 3901
438166 3901
438486 3901
438512 3901
438605 3901
438739 3901
439147 3901
439198 3901
439240 3901
439282 3901
439329 3901
439365 3901
439375 3901
439417 3901
439463 3901
439504 3901
439534 3901
439576 3901
439627 3901
439678 3901
439730 3901
439786 3901
439833 3901
439869 3901
439884 3901
439930 3901
439977 3901
440060 3901
440163 3901
440204 3901
440225 3901
440261 3901
440333 3901
440394 3901
440399 3901
440435 3901
440477 3901
440534 3901
440585 3901
440637 3901
440693 3901
440756 3901
440812 3901
440896 3901
440947 3901
441046 3901
441155 3901
441289 3901
441490 3901
441551 3901
441644 3901
441707 3901
441913 3901
441970 3901
442080 3901
442265 3901
442722 3901
443243 3901
443544 3901
443569 3901
443600 3901
443636 3901
443672 3901
443677 3901
443718 3901
443723 3901
443765 3901
443822 3901
443863 3901
443910 3901
443962 3901
444008 3901
444100 3901
444142 3901
444193 3901
444245 3901
444307 3901
444353 3901
444425 3901
444471 3901
444575 3901
444617 3901
444762 3901
444813 3901
444859 3901
444895 3901
445035 3901
445123 3901
445174 3901
445241 3901
445288 3901
445443 3901
445495 3901
445567 3901
445623 3901
445680 3901
445742 3901
445850 3901
445989 3901
445994 3901
446086 3901
446214 3901
446302 3901
446406 3901
446519 3901
446917 3901
447321 3901
447367 3901
447403 3901
447439 3901
447486 3901
447532 3901
447542 3901
447578 3901
447614 3901
447665 3901
447721 3901
447767 3901
447809 3901
447860 3901
447912 3901
447954 3901
448016 3901
448062 3901
448109 3901
448160 3901
448242 3901
448304 3901
448341 3901
448387 3901
448510 3901
448567 3901
448624 3901
448675 3901
448742 3901
448804 3901
448912 3901
449036 3901
449066 3901
449112 3901
449169 3901
449309 3901
449514 3901
449912 3901
449974 3901
450182 3901
450382 3901
450681 3901
451041 3901
451346 3901
451556 3901
451608 3901
451655 3901
451690 3901
451732 3901
451773 3901
451819 3901
451824 3901
451855 3901
451901 3901
451948 3901
452000 3901
452046 3901
452108 3901
452128 3901
452159 3901
452210 3901
452262 3901
452309 3901
452381 3901
452453 3901
452501 3901
452546 3901
452582 3901
452628 3901
452685 3901
452737 3901
452815 3901
452856 3901
452913 3901
452969 3901
453165 3901
453247 3901
453294 3901
453356 3901
453521 3901
453583 3901
453639 3901
453742 3901
454151 3901
454581 3901
454781 3901
454838 3901
454999 3901
455215 3901
455256 3901
455297 3901
455329 3901
455370 3901
455411 3901
455422 3901
455468 3901
455503 3901
455539 3901
455596 3901
455642 3901
455684 3901
455730 3901
455777 3901
455824 3901
455875 3901
455922 3901
455968 3901
456045 3901
456117 3901
456221 3901
456273 3901
456325 3901
456371 3901
456427 3901
456521 3901
456567 3901
456624 3901
456723 3901
456774 3901
456820 3901
456971 3901
457023 3901
457085 3901
457224 3901
457373 3901
457569 3901
457888 3901
458187 3901
458286 3901
458426 3901
458771 3901
458967 3901
459003 3901
459050 3901
459091 3901
459096 3901
459132 3901
459173 3901
459219 3901
459260 3901
459301 3901
459348 3901
459395 3901
459436 3901
459482 3901
459560 3901
459621 3901
459668 3901
459720 3901
459813 3901
459864 3901
459906 3901
459962 3901
460024 3901
460112 3901
460174 3901
460226 3901
460319 3901
460370 3901
460520 3901
460572 3901
460768 3901
460902 3901
460953 3901
460999 3901
461005 3901
461108 3901
461257 3901
461454 3901
461485 3901
461681 3901
461727 3901
461732 3901
461768 3901
461882 3901
462093 3901
462156 3901
462207 3901
462685 3901
462897 3901
463093 3901
463507 3901
463959 3901
464000 3901
464047 3901
464088 3901
464119 3901
464160 3901
464207 3901
464248 3901
464253 3901
464283 3901
464340 3901
464386 3901
464432 3901
464494 3901
464536 3901
464670 3901
464727 3901
464773 3901
464831 3901
464883 3901
464950 3901
465002 3901
465162 3901
465239 3901
465337 3901
465378 3901
465420 3901
465456 3901
465502 3901
465594 3901
465691 3901
465773 3901
465908 3901
465949 3901
466022 3901
466197 3901
466295 3901
466449 3901
466496 3901
466660 3901
466759 3901
466980 3901
467130 3901
467337 3901
467549 3901
467972 3901
468298 3901
468667 3901
468946 3901
469018 3901
469064 3901
469105 3901
469141 3901
469188 3901
469234 3901
469245 3901
469281 3901
469323 3901
469358 3901
469394 3901
469445 3901
469486 3901
469502 3901
469533 3901
469586 3901
469653 3901
469699 3901
469766 3901
469833 3901
469899 3901
469966 3901
470013 3901
470079 3901
470115 3901
470156 3901
470208 3901
470265 3901
470323 3901
470374 3901
470426 3901
470576 3901
470679 3901
470864 3901
470916 3901
471111 3901
471312 3901
471455 3901
471670 3901
471870 3901
472061 3901
472511 3901
472547 3901
472593 3901
472619 3901
472645 3901
472666 3901
472686 3901
472691 3901
472727 3901
472763 3901
472799 3901
472851 3901
472892 3901
472939 3901
473032 3901
473078 3901
473119 3901
473166 3901
473217 3901
473269 3901
473310 3901
473356 3901
473397 3901
473443 3901
473531 3901
473593 3901
473635 3901
473681 3901
473754 3901
473846 3901
473903 3901
473954 3901
474052 3901
474198 3901
474410 3901
474570 3901
474762 3901
474973 3901
475170 3901
475368 3901
475574 3901
475725 3901
475766 3901
475829 3901
476004 3901
476040 3901
476240 3901
476580 3901
476596 3901
476627 3901
476668 3901
476705 3901
476715 3901
476756 3901
476792 3901
476832 3901
476868 3901
476915 3901
476956 3901
476997 3901
477028 3901
477049 3901
477111 3901
477162 3901
477204 3901
477250 3901
477302 3901
477317 3901
477384 3901
477431 3901
477565 3901
477616 3901
477668 3901
477714 3901
477755 3901
477802 3901
477854 3901
477900 3901
477994 3901
478024 3901
478040 3901
478092 3901
478226 3901
478288 3901
478329 3901
478510 3901
478567 3901
478644 3901
478737 3901
478789 3901
478998 3901
479204 3901
479561 3901
479763 3901
480007 3901
480033 3901
480084 3901
480125 3901
480202 3901
480253 3901
480295 3901
480330 3901
480371 3901
480413 3901
480460 3901
480511 3901
480552 3901
480588 3901
480639 3901
480670 3901
480697 3901
480708 3901
480759 3901
480811 3901
480858 3901
480930 3901
480955 3901
480986 3901
481037 3901
481083 3901
481181 3901
481239 3901
481301 3901
481353 3901
481389 3901
481445 3901
481502 3901
481554 3901
481738 3901
481789 3901
481934 3901
482120 3901
482172 3901
482229 3901
482285 3901
482497 3901
482549 3901
482771 3901
482962 3901
483065 3901
483505 3901
483536 3901
483929 3901
484280 3901
484718 3901
485048 3901
485364 3901
485395 3901
485742 3901
486006 3901
486193 3901
486534 3901
486575 3901
486611 3901
486653 3901
486694 3901
486704 3901
486745 3901
486787 3901
486844 3901
486890 3901
486937 3901
486978 3901
487039 3901
487085 3901
487131 3901
487276 3901
487328 3901
487374 3901
487519 3901
487570 3901
487627 3901
487668 3901
487678 3901
487714 3901
487771 3901
487822 3901
487869 3901
487925 3901
488059 3901
488116 3901
488260 3901
488467 3901
488560 3901
488767 3901
488818 3901
488952 3901
489413 3901
489760 3901
490071 3901
490138 3901
490495 3901
490790 3901
490862 3901
491222 3901
491523 3901
491621 3901
491637 3901
492098 3901
492357 3901
492388 3901
492600 3901
492824 3901
493227 3901
493538 3901
493579 3901
493615 3901
493657 3901
493693 3901
493698 3901
493713 3901
493744 3901
493780 3901
493790 3901
493826 3901
493867 3901
493898 3901
493944 3901
493986 3901
494032 3901
494074 3901
494141 3901
494193 3901
494244 3901
494290 3901
494342 3901
494388 3901
494461 3901
494522 3901
494564 3901
494615 3901
494672 3901
494729 3901
494781 3901
494828 3901
494884 3901
494994 3901
495050 3901
495102 3901
495153 3901
495200 3901
495256 3901
495319 3901
495422 3901
495479 3901
495536 3901
495695 3901
495908 3901
496006 3901
496115 3901
496329 3901
496386 3901
496449 3901
496766 3901
496817 3901
496853 3901
496905 3901
496941 3901
496987 3901
497029 3901
497070 3901
497111 3901
497121 3901
497162 3901
497208 3901
497249 3901
497306 3901
497347 3901
497393 3901
497439 3901
497485 3901
497537 3901
497567 3901
497588 3901
497640 3901
497692 3901
497743 3901
497789 3901
497846 3901
497892 3901
497939 3901
497991 3901
498048 3901
498109 3901
498156 3901
498213 3901
498436 3901
498477 3901
498544 3901
498657 3901
498740 3901
498792 3901
498797 3901
498838 3901
498895 3901
499101 3901
499152 3901
499368 3901
499579 3901
499626 3901
499745 3901
499791 3901
499966 3901
499996 3901
500053 3901
500263 3901
500315 3901
500361 3901
500418 3901
500563 3901
500894 3901
501002 3901
501074 3901
501172 3901
501487 3901
501845 3901
502021 3901
502294 3901
502341 3901
502387 3901
502428 3901
502474 3901
502485 3901
502531 3901
502573 3901
502614 3901
502655 3901
502701 3901
502753 3901
502805 3901
502861 3901
502918 3901
502959 3901
503016 3901
503073 3901
503104 3901
503130 3901
503191 3901
503243 3901
503258 3901
503294 3901
503341 3901
503397 3901
503449 3901
503501 3901
503542 3901
503598 3901
503701 3901
503752 3901
503804 3901
503871 3901
503969 3901
504025 3901
504082 3901
504242 3901
504454 3901
504676 3901
504896 3901
504958 3901
505010 3901
505067 3901
505181 3901
505397 3901
505806 3901
506152 3901
506560 3901
506668 3901
507123 3901
507326 3901
507548 3901
507842 3901
507853 3901
508143 3901
508174 3901
508278 3901
508288 3901
508360 3901
508753 3901
509146 3901
509193 3901
509234 3901
509280 3901
509316 3901
509362 3901
509368 3901
509404 3901
509440 3901
509481 3901
509527 3901
509574 3901
509610 3901
509663 3901
509714 3901
509761 3901
509807 3901
509848 3901
509859 3901
509905 3901
509946 3901
509956 3901
510002 3901
510054 3901
510101 3901
510162 3901
510213 3901
510260 3901
510311 3901
510368 3901
510424 3901
510471 3901
510538 3901
510589 3901
510687 3901
510738 3901
510806 3901
510940 3901
511018 3901
511110 3901
511131 3901
511177 3901
511223 3901
511290 3901
511393 3901
511450 3901
511600 3901
511739 3901
511952 3901
512158 3901
512266 3901
512317 3901
512333 3901
512431 3901
512659 3901
512711 3901
512928 3901
513151 3901
513197 3901
513238 3901
513285 3901
513321 3901
513362 3901
513404 3901
513450 3901
513456 3901
513496 3901
513538 3901
513568 3901
513589 3901
513630 3901
513672 3901
513708 3901
513749 3901
513806 3901
513852 3901
513903 3901
513955 3901
514054 3901
514100 3901
514110 3901
514157 3901
514203 3901
514234 3901
514239 3901
514265 3901
514311 3901
514363 3901
514409 3901
514455 3901
514523 3901
514564 3901
514621 3901
514689 3901
514740 3901
514787 3901
514838 3901
514947 3901
515051 3901
515205 3901
515303 3901
515355 3901
515417 3901
515567 3901
515676 3901
515826 3901
516016 3901
516073 3901
516186 3901
516336 3901
516429 3901
516542 3901
516640 3901
516929 3901
516965 3901
517374 3901
517663 3901
518016 3901
518372 3901
518686 3901
519059 3901
519105 3901
519146 3901
519182 3901
519229 3901
519270 3901
519307 3901
519312 3901
519358 3901
519394 3901
519451 3901
519486 3901
519538 3901
519590 3901
519641 3901
519688 3901
519734 3901
519780 3901
519853 3901
519909 3901
519966 3901
520064 3901
520277 3901
520318 3901
520369 3901
520415 3901
520467 3901
520611 3901
520663 3901
520739 3901
520890 3901
521097 3901
521318 3901
521473 3901
521535 3901
521685 3901
521902 3901
521954 3901
522052 3901
522078 3901
522223 3901
522429 3901
522528 3901
522827 3901
522832 3901
523157 3901
523266 3901
523374 3901
523760 3901
523812 3901
524112 3901
524241 3901
524501 3901
524568 3901
524724 3901
525164 3901
525242 3901
525283 3901
525320 3901
525361 3901
525407 3901
525449 3901
525495 3901
525541 3901
525583 3901
525649 3901
525690 3901
525742 3901
525798 3901
525845 3901
525886 3901
525948 3901
525959 3901
526010 3901
526062 3901
526108 3901
526175 3901
526227 3901
526273 3901
526319 3901
526378 3901
526415 3901
526430 3901
526492 3901
526539 3901
526585 3901
526631 3901
526688 3901
526781 3901
526838 3901
526910 3901
527019 3901
527076 3901
527148 3901
527231 3901
527262 3901
527292 3901
527349 3901
527571 3901
527793 3901
527845 3901
527949 3901
528171 3901
528471 3901
528828 3901
529226 3901
529623 3901
530093 3901
530145 3901
530294 3901
530330 3901
530770 3901
530806 3901
530853 3901
530888 3901
530930 3901
530971 3901
531012 3901
531058 3901
531104 3901
531150 3901
531191 3901
531223 3901
531233 3901
531269 3901
531357 3901
531408 3901
531454 3901
531524 3901
531575 3901
531611 3901
531766 3901
531813 3901
531865 3901
531917 3901
531973 3901
532025 3901
532066 3901
532118 3901
532164 3901
532221 3901
532273 3901
532376 3901
532427 3901
532467 3901
532524 3901
532627 3901
532824 3901
532922 3901
532979 3901
533041 3901
533108 3901
533160 3901
533211 3901
533269 3901
533496 3901
533723 3901
533852 3901
533914 3901
533976 3901
534174 3901
534231 3901
534431 3901
534788 3901
534902 3901
535311 3901
535554 3901
535824 3901
536232 3901
536397 3901
536858 3901
537303 3901
537345 3901
537381 3901
537422 3901
537463 3901
537468 3901
537504 3901
537545 3901
537561 3901
537608 3901
537644 3901
537690 3901
537742 3901
537788 3901
537823 3901
537870 3901
537926 3901
537977 3901
538024 3901
538075 3901
538219 3901
538271 3901
538328 3901
538405 3901
538451 3901
538493 3901
538591 3901
538633 3901
538689 3901
538794 3901
538855 3901
538912 3901
538974 3901
539041 3901
539103 3901
539330 3901
539387 3901
539599 3901
539775 3901
539981 3901
540152 3901
540214 3901
540327 3901
540818 3901
541140 3901
541430 3901
541852 3901
541888 3901
541930 3901
541940 3901
541971 3901
541986 3901
541991 3901
542028 3901
542069 3901
542120 3901
542166 3901
542213 3901
542228 3901
542259 3901
542300 3901
542459 3901
542505 3901
542551 3901
542593 3901
542603 3901
542649 3901
542711 3901
542768 3901
542834 3901
542887 3901
542948 3901
543006 3901
543067 3901
543134 3901
543186 3901
543391 3901
543458 3901
543577 3901
543623 3901
543669 3901
543731 3901
543819 3901
544040 3901
544097 3901
544185 3901
544288 3901
544433 3901
544784 3901
545350 3901
545769 3901
546012 3901
546157 3901
546328 3901
546861 3901
546902 3901
546954 3901
547000 3901
547047 3901
547098 3901
547134 3901
547175 3901
547228 3901
547269 3901
547315 3901
547367 3901
547418 3901
547470 3901
547526 3901
547583 3901
547629 3901
547680 3901
547732 3901
547789 3901
547866 3901
547923 3901
547985 3901
548047 3901
548155 3901
548201 3901
548247 3901
548299 3901
548361 3901
548397 3901
548448 3901
548505 3901
548562 3901
548634 3901
548696 3901
548747 3901
548804 3901
548866 3901
549016 3901
549212 3901
549269 3901
549331 3901
549563 3901
549702 3901
549842 3901
549950 3901
550012 3901
550126 3901
550353 3901
550798 3901
551279 3901
551697 3901
551744 3901
551790 3901
551836 3901
551877 3901
551924 3901
551970 3901
551980 3901
552017 3901
552068 3901
552109 3901
552151 3901
552192 3901
552244 3901
552290 3901
552337 3901
552383 3901
552425 3901
552476 3901
552533 3901
552580 3901
552632 3901
552725 3901
552829 3901
552870 3901
552917 3901
553020 3901
553061 3901
553144 3901
553201 3901
553258 3901
553351 3901
553505 3901
553662 3901
553852 3901
553955 3901
554012 3901
554125 3901
554337 3901
554517 3901
554558 3901
554595 3901
554646 3901
554687 3901
554734 3901
554780 3901
554826 3901
554878 3901
554924 3901
554966 3901
555007 3901
555053 3901
555110 3901
555161 3901
555212 3901
555264 3901
555310 3901
555352 3901
555414 3901
555470 3901
555527 3901
555574 3901
555662 3901
555714 3901
555925 3901
555977 3901
556208 3901
556270 3901
556482 3901
556720 3901
556772 3901
556829 3901
557056 3901
557231 3901
557612 3901
558057 3901
558284 3901
558698 3901
559199 3901
559540 3901
559581 3901
559622 3901
559659 3901
559705 3901
559741 3901
559746 3901
559792 3901
559828 3901
559870 3901
559912 3901
559917 3901
559958 3901
559999 3901
560041 3901
560082 3901
560133 3901
560175 3901
560221 3901
560273 3901
560324 3901
560370 3901
560433 3901
560479 3901
560541 3901
560593 3901
560644 3901
560680 3901
560732 3901
560784 3901
560984 3901
560995 3901
561046 3901
561139 3901
561221 3901
561277 3901
561422 3901
561479 3901
561541 3901
561603 3901
561654 3901
561747 3901
561803 3901
561860 3901
561922 3901
562078 3901
562182 3901
562238 3901
562389 3901
562446 3901
562498 3901
562591 3901
562647 3901
562807 3901
563013 3901
563070 3901
563132 3901
563282 3901
563396 3901
563545 3901
563711 3901
564181 3901
564584 3901
564874 3901
565010 3901
565102 3901
565375 3901
565598 3901
565644 3901
565681 3901
565722 3901
565773 3901
565815 3901
565862 3901
565913 3901
565954 3901
565995 3901
566053 3901
566104 3901
566156 3901
566212 3901
566274 3901
566321 3901
566347 3901
566393 3901
566444 3901
566505 3901
566557 3901
566608 3901
566680 3901
566737 3901
566798 3901
566855 3901
566917 3901
566990 3901
567031 3901
567067 3901
567129 3901
567180 3901
567231 3901
567392 3901
567454 3901
567670 3901
567831 3901
568003 3901
568106 3901
568169 3901
568292 3901
568462 3901
568571 3901
568669 3901
568876 3901
569021 3901
569053 3901
569165 3901
569558 3901
569604 3901
569661 3901
569713 3901
569760 3901
569780 3901
569817 3901
569863 3901
569914 3901
569961 3901
570002 3901
570044 3901
570100 3901
570152 3901
570193 3901
570250 3901
570306 3901
570378 3901
570435 3901
570492 3901
570538 3901
570590 3901
570642 3901
570689 3901
570797 3901
570858 3901
570967 3901
571024 3901
571086 3901
571147 3901
571210 3901
571368 3901
571591 3901
571653 3901
571736 3901
571792 3901
571984 3901
572040 3901
572098 3901
572211 3901
572423 3901
572652 3901
572770 3901
572992 3901
573156 3901
573575 3901
573958 3901
574004 3901
574077 3901
574304 3901
574324 3901
574485 3901
574903 3901
575176 3901
575465 3901
575507 3901
575553 3901
575590 3901
575641 3901
575682 3901
575722 3901
575758 3901
575769 3901
575805 3901
575857 3901
575893 3901
575929 3901
575975 3901
576033 3901
576083 3901
576130 3901
576177 3901
576233 3901
576301 3901
576358 3901
576409 3901
576512 3901
576554 3901
576595 3901
576658 3901
576719 3901
576792 3901
576895 3901
576930 3901
576992 3901
577044 3901
577152 3901
577199 3901
577250 3901
577286 3901
577316 3901
577415 3901
577482 3901
577580 3901
577699 3901
577915 3901
578235 3901
578394 3901
578549 3901
578719 3901
579076 3901
579299 3901
579335 3901
579376 3901
579423 3901
579464 3901
579506 3901
579547 3901
579598 3901
579609 3901
579661 3901
579707 3901
579743 3901
579790 3901
579841 3901
579894 3901
579935 3901
579987 3901
580064 3901
580110 3901
580168 3901
580214 3901
580359 3901
580405 3901
580457 3901
580514 3901
580570 3901
580617 3901
580673 3901
580709 3901
580745 3901
580792 3901
580844 3901
580899 3901
580951 3901
580997 3901
581054 3901
581095 3901
581204 3901
581411 3901
581565 3901
581703 3901
581931 3901
582087 3901
582149 3901
582200 3901
582365 3901
582521 3901
582728 3901
582790 3901
583002 3901
583156 3901
583368 3901
583472 3901
583533 3901
583632 3901
583678 3901
583725 3901
583761 3901
583808 3901
583854 3901
583864 3901
583910 3901
583951 3901
583998 3901
584044 3901
584096 3901
584137 3901
584199 3901
584245 3901
584291 3901
584353 3901
584399 3901
584456 3901
584512 3901
584553 3901
584646 3901
584702 3901
584754 3901
584800 3901
584852 3901
584909 3901
584955 3901
585069 3901
585218 3901
585274 3901
585347 3901
585403 3901
585459 3901
585562 3901
585624 3901
585732 3901
585892 3901
586036 3901
586145 3901
586295 3901
586451 3901
586508 3901
586860 3901
587341 3901
587382 3901
587423 3901
587459 3901
587505 3901
587521 3901
587562 3901
587609 3901
587634 3901
587665 3901
587711 3901
587753 3901
587799 3901
587851 3901
587918 3901
587964 3901
588036 3901
588093 3901
588145 3901
588191 3901
588248 3901
588309 3901
588361 3901
588382 3901
588423 3901
588485 3901
588542 3901
588599 3901
588655 3901
588825 3901
589041 3901
589263 3901
589382 3901
589439 3901
589500 3901
589665 3901
589778 3901
589861 3901
589887 3901
590053 3901
590151 3901
590310 3901
590476 3901
590787 3901
590901 3901
591360 3901
591401 3901
591447 3901
591488 3901
591534 3901
591539 3901
591586 3901
591627 3901
591679 3901
591720 3901
591761 3901
591797 3901
591833 3901
591875 3901
591921 3901
591961 3901
592013 3901
592059 3901
592110 3901
592157 3901
592266 3901
592307 3901
592364 3901
592416 3901
592462 3901
592529 3901
592570 3901
592612 3901
592674 3901
592736 3901
592788 3901
592850 3901
592901 3901
592964 3901
593114 3901
