54157 54157 0
54157 53473 684
54157 53473 684
54157 53473 684
54157 53473 684
54157 53473 684
54157 51001 3156
54157 51001 3156
54157 51000 3157
54157 50344 3813
54157 50344 3813
54157 50344 3813
54157 50344 3813
54157 50344 3813
54157 50344 3813
54157 50344 3813
54157 50344 3813
54157 50344 3813
54157 50344 3813
54157 50344 3813
54157 50344 3813
54157 50344 3813
54157 50254 3903
54157 50254 3903
54157 50254 3903
54157 50254 3903
54157 50254 3903
54157 50254 3903
54157 50254 3903
54157 50254 3903
54157 50254 3903
54157 50254 3903
54157 50254 3903
54157 50254 3903
54157 50254 3903
54157 50254 3903
54157 50254 3903
54157 50254 3903
54157 50254 3903
54157 50254 3903
54157 50254 3903
54157 50254 3903
54157 50254 3903
54157 50254 3903
54157 50254 3903
54157 50254 3903
54157 50254 3903
54157 50254 3903
54157 50254 3903
54157 50254 3903
54157 50254 3903
54157 50254 3903
54157 50254 3903
54157 50254 3903
54157 50254 3903
54157 50254 3903
54157 50254 3903
54157 50254 3903
54157 50254 3903
54157 50254 3903
54157 50254 3903
54157 50254 3903
54157 50254 3903
54157 50254 3903
54157 50254 3903
54157 50254 3903
54157 50254 3903
54157 50254 3903
54157 50254 3903
54157 50254 3903
54157 50254 3903
54157 50254 3903
54157 50254 3903
54157 50254 3903
54157 50254 3903
54157 50254 3903
54157 50254 3903
54157 50254 3903
54157 50254 3903
54157 50254 3903
54157 50254 3903
54157 50254 3903
54157 50254 3903
54157 50254 3903
54157 50254 3903
54157 50254 3903
54157 50254 3903
54157 50254 3903
54157 50254 3903
54157 50254 3903
54157 50254 3903
54157 50254 3903
54157 50254 3903
54157 50254 3903
54157 50253 3904
54157 50253 3904
54157 50253 3904
54157 50253 3904
54157 50253 3904
54157 50253 3904
54157 50253 3904
54157 50253 3904
54157 50253 3904
54157 50253 3904
54157 50253 3904
54157 50253 3904
54157 50253 3904
54157 50253 3904
54157 50253 3904
54157 50253 3904
54157 50253 3904
54157 50253 3904
54157 50253 3904
54157 50253 3904
54157 50253 3904
54157 50253 3904
54157 50253 3904
54157 50253 3904
54157 50253 3904
54157 50253 3904
54157 50253 3904
54157 50253 3904
54157 50253 3904
54157 50253 3904
54157 50253 3904
54157 50253 3904
54157 50253 3904
54157 50253 3904
54157 50253 3904
54157 50253 3904
54157 50253 3904
54157 50253 3904
54157 50253 3904
54157 50253 3904
54157 50253 3904
54157 50253 3904
54157 50253 3904
54157 50253 3904
54157 50253 3904
54157 50253 3904
54157 50253 3904
54157 50253 3904
54157 50253 3904
54157 50253 3904
54157 50253 3904
54157 50253 3904
54157 50253 3904
54157 50253 3904
54157 50253 3904
54157 50253 3904
54157 50253 3904
54157 50253 3904
54157 50253 3904
54157 50253 3904
54157 50253 3904
54157 50253 3904
54157 50253 3904
54157 50253 3904
54157 50253 3904
54157 50253 3904
54157 50253 3904
54157 50253 3904
54157 50253 3904
54157 50253 3904
54157 50253 3904
54157 50253 3904
