
0 0
5 684
10 684
15 684
61 684
71 684
173 684
194 684
199 684
204 684
209 684
214 684
224 684
244 684
254 684
259 684
265 684
270 684
285 684
295 684
351 684
387 684
716 684
1064 684
1398 684
1752 684
2091 684
2482 684
2814 684
3158 684
3174 684
3496 684
3840 684
4174 684
4553 684
4878 684
5217 684
5232 684
5566 684
5920 684
5986 684
6124 684
6428 684
6540 684
6853 684
6863 684
7176 684
7181 684
7489 684
7818 684
8246 684
8954 3808
8964 3808
8995 3808
9000 3808
9025 3808
9046 3808
9061 3808
9066 3808
9071 3808
9077 3808
9082 3808
9097 3808
9102 3808
9107 3808
9112 3808
9128 3808
9133 3808
9138 3808
9148 3808
9158 3808
9163 3808
9168 3808
9219 3808
9230 3808
9378 3808
9424 3808
9434 3808
9464 3808
9469 3808
9485 3808
9567 3808
9608 3808
9613 3808
9634 3808
9835 3808
9845 3898
10122 3898
10158 3898
10168 3898
10255 3898
10260 3898
10276 3898
10332 3898
10362 3898
10526 3898
10562 3898
10578 3898
10583 3898
10588 3898
10603 3898
10649 3898
10700 3898
10967 3898
11160 3898
11217 3898
11232 3898
11318 3898
11416 3898
11426 3898
11482 3898
11487 3898
11762 3898
11792 3898
11803 3898
11818 3898
12038 3898
12074 3898
12079 3898
12085 3898
12283 3898
12324 3898
12329 3898
12335 3898
12340 3898
12548 3898
12558 3898
12579 3898
12584 3898
12629 3898
13281 3898
14368 3898
14496 3898
15331 3898
15341 3898
15505 3898
15541 3898
15602 3898
15612 3898
15617 3898
15674 3898
15679 3898
15782 3898
15792 3898
15797 3898
15812 3898
15817 3898
15827 3898
15940 3898
15955 3898
15961 3898
15966 3898
16120 3898
16125 3898
16130 3898
16135 3898
16140 3898
16145 3898
17628 3898
17674 3898
17781 3898
17801 3898
17914 3898
17919 3898
17924 3898
17929 3898
17935 3898
17940 3898
17945 3898
17950 3898
17955 3898
17960 3898
17965 3898
17976 3898
17986 3898
17991 3898
17996 3898
18001 3898
18006 3898
18011 3898
18027 3898
18037 3898
18052 3898
18062 3898
18077 3898
18087 3898
18092 3898
18098 3898
18103 3898
18113 3898
18118 3898
18758 3898
19546 3898
19592 3898
20249 3898
20254 3898
22009 3898
22854 3898
24437 3898
24442 3898
24447 3898
24457 3898
24468 3898
24478 3898
24671 3898
24692 3898
24697 3898
24707 3898
24712 3898
24717 3898
24722 3898
24742 3898
24758 3898
24773 3898
24849 3898
24854 3898
24931 3898
43356 3898
43366 3898
43372 3898
43377 3898
43382 3898
43387 3898
43402 3898
43428 3898
43474 3898
43479 3898
43500 3898
43515 3898
43520 3898
43627 3898
43689 3898
43720 3898
63539 3898
63549 3898
63559 3898
63570 3898
63580 3898
63585 3898
63640 3898
63676 3898
63692 3898
63728 3898
63759 3898
63825 3898
63928 3898
67429 3898
70716 3898
84633 3898
85644 3898
85716 3898
88040 3898
88541 3898
88787 3898
89043 3898
89495 3898
89649 3898
89873 3898
117976 3898
118476 3898
127316 3898
127332 3898
127383 3898
127496 3898
127511 3898
127640 3898
127676 3898
127737 3898
127768 3898
141228 3898
164452 3898
176582 3898
176587 3898
176592 3898
176597 3898
176618 3898
176623 3898
176633 3898
176648 3898
176664 3898
176699 3898
176734 3898
176846 3898
177015 3898
215438 3898
228031 3898
228179 3898
228316 3898
228475 3898
228531 3898
228582 3898
228587 3898
228592 3898
228597 3898
229105 3898
229110 3898
229428 3898
229444 3898
229500 3898
229613 3898
230209 3898
230225 3898
230230 3898
230235 3898
230240 3898
230419 3898
230424 3898
230520 3898
230525 3898
230536 3898
230546 3898
230551 3898
230556 3898
230561 3898
230566 3898
230571 3898
230576 3898
230581 3898
230586 3898
230612 3898
230664 3898
232179 3898
233484 3898
233560 3898
233667 3898
233718 3898
233871 3898
234106 3898
234168 3898
234198 3898
234260 3898
235665 3898
235742 3898
235798 3898
235870 3898
235966 3898
236037 3898
236063 3898
236332 3898
236358 3898
236490 3898
259111 3898
269361 3898
285300 3900
285398 3900
285485 3900
285515 3900
285526 3900
290738 3900
290743 3900
302658 3900
309323 3900
309348 3900
312436 3900
312446 3900
318723 3900
318764 3900
318829 3900
318870 3900
319008 3900
319074 3900
319105 3900
319110 3900
402812 3900
402843 3900
437954 3900
437980 3900
438150 3900
438165 3900
438201 3900
438381 3900
443967 3900
444003 3900
444008 3900
449825 3900
449861 3900
455542 3900
455583 3900
523962 3900
563963 3900
564373 3900
568776 3900
582796 3900
583036 3900
586132 3900
590465 3900
590470 3900
590645 3900
591877 3900
591918 3900
591949 3900
591954 3900
