4305 4305 0
4305 3621 684
4305 3621 684
4305 3621 684
4305 3621 684
4305 3621 684
4305 3621 684
4305 3621 684
4305 3621 684
4305 3621 684
4305 3621 684
4305 3621 684
4305 3621 684
4305 3621 684
4305 3621 684
4305 3621 684
4305 3621 684
4305 3621 684
4305 3621 684
4305 3621 684
4305 3621 684
4305 3621 684
4305 3621 684
4305 3621 684
4305 3621 684
4305 3621 684
4305 3621 684
4305 3621 684
4305 3621 684
4305 3621 684
4305 3621 684
4305 3621 684
4305 3621 684
4305 3621 684
4305 3621 684
4305 3621 684
4305 3621 684
4305 3621 684
4305 3621 684
4305 3621 684
4305 3621 684
4305 3621 684
4305 3621 684
4305 3621 684
4305 3621 684
4305 3621 684
4305 3621 684
4305 3621 684
4305 501 3804
4305 501 3804
4305 501 3804
4305 501 3804
4305 501 3804
4305 501 3804
4305 501 3804
4305 501 3804
4305 501 3804
4305 501 3804
4305 501 3804
4305 501 3804
4305 501 3804
4305 501 3804
4305 501 3804
4305 501 3804
4305 501 3804
4305 501 3804
4305 501 3804
4305 501 3804
4305 501 3804
4305 501 3804
4305 501 3804
4305 501 3804
4305 501 3804
4305 501 3804
4305 501 3804
4305 501 3804
4305 501 3804
4305 501 3804
4305 501 3804
4305 501 3804
4305 501 3804
4305 501 3804
4305 501 3804
4305 501 3804
4305 501 3804
4305 501 3804
4305 501 3804
4305 501 3804
4305 501 3804
4305 501 3804
4305 501 3804
4305 501 3804
4305 501 3804
4305 501 3804
4305 501 3804
4305 501 3804
4305 501 3804
4305 501 3804
4305 501 3804
4305 501 3804
4305 501 3804
4305 501 3804
4305 501 3804
4305 501 3804
4305 501 3804
4305 501 3804
4305 501 3804
4305 501 3804
4305 501 3804
4305 501 3804
4305 501 3804
4305 501 3804
4305 501 3804
4305 501 3804
4305 501 3804
4305 501 3804
4305 501 3804
4305 501 3804
4305 501 3804
4305 501 3804
4305 501 3804
4305 501 3804
4305 501 3804
4305 501 3804
4305 501 3804
4305 501 3804
4305 501 3804
4305 501 3804
4305 501 3804
4305 501 3804
4305 501 3804
4305 501 3804
4305 501 3804
4305 501 3804
4305 501 3804
4305 501 3804
4305 501 3804
4305 501 3804
4305 501 3804
4305 501 3804
4305 501 3804
4305 501 3804
4305 501 3804
4305 501 3804
4305 501 3804
4305 501 3804
4305 501 3804
4305 501 3804
4305 501 3804
4305 501 3804
4305 501 3804
4305 501 3804
4305 501 3804
4305 501 3804
4305 501 3804
4305 501 3804
4305 501 3804
4305 501 3804
4305 501 3804
4305 501 3804
4305 501 3804
4305 501 3804
4305 501 3804
4305 501 3804
4305 501 3804
4305 501 3804
4305 501 3804
4305 501 3804
4305 501 3804
4305 501 3804
4305 501 3804
4305 501 3804
4305 501 3804
4305 501 3804
4305 501 3804
4305 501 3804
4305 501 3804
4305 501 3804
4305 501 3804
4305 501 3804
4305 501 3804
4305 501 3804
4305 501 3804
4305 501 3804
4305 501 3804
4305 501 3804
4305 501 3804
4305 501 3804
4305 501 3804
4305 501 3804
4305 501 3804
4305 501 3804
4305 501 3804
4305 501 3804
4305 501 3804
4305 501 3804
4305 501 3804
4305 501 3804
4305 501 3804
4305 501 3804
4305 501 3804
4305 501 3804
4305 501 3804
4305 501 3804
4305 501 3804
4305 501 3804
4305 501 3804
4305 501 3804
4305 501 3804
4305 501 3804
4305 501 3804
4305 501 3804
4305 501 3804
4305 501 3804
4305 501 3804
4305 501 3804
4305 501 3804
4305 501 3804
4305 501 3804
4305 501 3804
4305 501 3804
4305 501 3804
4305 501 3804
4305 501 3804
4305 501 3804
4305 501 3804
4305 501 3804
4305 499 3806
4305 499 3806
4305 499 3806
