
0 0
5 684
11 684
41 684
47 684
57 3813
123 3813
180 3813
190 3813
200 3813
225 3813
251 3813
256 3813
271 3813
281 3813
296 3813
332 3813
404 3813
465 3813
470 3813
500 3813
541 3813
613 3813
618 3813
623 3813
689 3813
694 3813
699 3813
714 3813
719 3813
724 3813
750 3903
755 3903
781 3903
801 3903
836 3903
928 3903
1004 3903
1050 3903
1106 3903
1178 3903
1249 3903
1320 3903
1381 3903
1386 3903
1411 3903
1467 3903
1477 3903
1503 3903
1508 3903
1590 3903
1595 3903
1600 3903
1630 3903
1676 3903
1712 3903
1727 3903
1793 3903
1808 3903
1879 3903
1884 3903
1894 3903
1899 3903
1950 3903
1955 3903
2037 3903
2052 3903
2119 3903
2180 3903
2287 3903
2343 3903
2444 3903
2581 3903
2606 3903
2611 3903
2616 3903
2621 3903
2657 3903
2672 3903
2749 3903
2820 3903
2825 3903
2917 3903
2922 3903
2927 3903
2932 3903
2993 3903
2999 3903
3004 3903
3009 3903
3034 3903
3039 3903
3126 3903
3207 3903
3218 3903
3223 3903
3228 3903
3233 3903
3426 3903
3583 3903
3598 3903
4567 3903
4837 3903
5353 3903
8385 3903
8390 3903
8410 3903
15121 3903
21592 3903
21638 3903
21648 3903
21669 3903
37932 3903
37988 3903
38049 3903
38054 3903
38125 3903
38221 3903
38302 3903
38307 3903
38312 3903
38399 3903
38404 3903
38491 3903
38496 3903
38501 3903
39317 3903
39796 3903
40306 3903
41994 3903
45540 3903
45636 3903
45647 3903
45667 3903
45682 3903
50959 3903
58056 3903
81007 3903
140838 3903
178323 3903
208240 3903
306696 3903
306701 3903
306829 3903
423658 3903
460123 3903
486440 3903
