# unix_time, cycles_done, cur_path, paths_total, pending_total, pending_favs, map_size, unique_crashes, unique_hangs, max_depth, execs_per_sec
1585315066, 0, 0, 1, 1, 1, 3.70%, 0, 0, 1, 888.89
1585315071, 0, 0, 3, 3, 1, 3.70%, 0, 0, 2, 1473.20
1585315082, 0, 0, 5, 5, 1, 6.86%, 0, 0, 2, 1585.21
1585315087, 0, 0, 9, 9, 1, 8.61%, 0, 0, 2, 1543.98
1585315097, 0, 2, 9, 8, 5, 8.61%, 0, 0, 2, 1436.81
1585315112, 0, 3, 9, 7, 4, 8.61%, 0, 0, 2, 1596.91
1585315132, 0, 4, 11, 8, 3, 8.61%, 0, 0, 3, 1320.83
1585315137, 0, 4, 13, 10, 3, 8.61%, 0, 0, 3, 1294.51
1585315148, 0, 4, 16, 13, 3, 8.61%, 0, 0, 3, 1255.45
1585315153, 0, 4, 17, 14, 3, 8.61%, 0, 0, 3, 1276.00
1585315158, 0, 8, 17, 12, 1, 8.61%, 0, 0, 3, 1352.39
1585315163, 0, 8, 18, 13, 1, 8.61%, 0, 0, 3, 1368.42
1585315168, 0, 8, 21, 16, 1, 8.61%, 0, 0, 3, 1430.58
1585315173, 0, 8, 23, 18, 1, 8.62%, 0, 0, 3, 1244.33
1585315183, 0, 8, 24, 19, 1, 8.62%, 0, 0, 3, 1463.79
1585315188, 0, 17, 24, 18, 2, 8.62%, 0, 0, 3, 1388.58
1585315198, 0, 17, 25, 19, 2, 9.56%, 0, 0, 4, 1263.87
1585315203, 0, 21, 25, 18, 2, 9.56%, 0, 0, 4, 1357.02
1585315218, 0, 24, 25, 17, 1, 9.56%, 0, 0, 4, 1280.46
1585315234, 0, 25, 26, 17, 1, 9.56%, 0, 0, 5, 1275.66
1585315249, 1, 1, 26, 16, 0, 9.56%, 0, 0, 5, 1434.15
1585315264, 1, 6, 26, 15, 0, 9.56%, 0, 0, 5, 1589.47
1585315284, 1, 13, 26, 14, 0, 9.56%, 0, 0, 5, 1378.14
1585315310, 1, 16, 26, 13, 0, 9.56%, 0, 0, 5, 1329.43
1585315330, 1, 19, 26, 12, 0, 9.56%, 0, 0, 5, 1395.94
1585315345, 1, 26, 27, 12, 1, 9.56%, 0, 0, 5, 1399.74
1585315355, 2, 11, 27, 11, 0, 9.56%, 0, 0, 5, 1526.87
1585315381, 2, 12, 27, 10, 0, 9.56%, 0, 0, 5, 1400.12
1585315406, 3, 28, 31, 13, 1, 9.56%, 0, 0, 5, 1331.95
1585315411, 3, 28, 32, 14, 1, 9.56%, 0, 0, 5, 1233.47
1585315431, 3, 28, 33, 15, 1, 9.57%, 0, 0, 5, 1301.84
1585315436, 3, 31, 33, 14, 2, 9.57%, 0, 0, 5, 1314.26
1585315456, 3, 31, 34, 15, 2, 9.57%, 0, 0, 5, 1257.07
1585315462, 3, 31, 35, 16, 2, 9.57%, 0, 0, 5, 1320.38
1585315467, 3, 32, 35, 15, 2, 9.57%, 0, 0, 5, 1236.27
1585315497, 3, 33, 35, 14, 1, 9.57%, 0, 0, 5, 1178.57
1585315528, 4, 25, 39, 17, 0, 9.57%, 0, 0, 6, 1432.67
1585315533, 4, 38, 39, 17, 1, 9.57%, 0, 0, 6, 1200.16
1585315564, 5, 8, 39, 16, 0, 9.57%, 0, 0, 6, 1440.49
1585315569, 5, 10, 39, 16, 0, 9.57%, 0, 0, 6, 1253.15
1585315594, 5, 14, 39, 15, 0, 9.57%, 0, 0, 6, 1262.51
1585315619, 5, 27, 40, 15, 0, 9.57%, 0, 0, 6, 1304.24
1585315650, 5, 30, 40, 14, 0, 9.57%, 0, 0, 6, 1301.90
1585315675, 5, 30, 61, 35, 0, 9.57%, 0, 0, 6, 1321.21
1585315681, 5, 30, 62, 36, 0, 9.57%, 0, 0, 6, 1399.38
1585315686, 5, 30, 63, 37, 0, 9.57%, 0, 0, 6, 1346.34
1585315691, 5, 30, 64, 38, 0, 9.57%, 0, 0, 6, 1359.82
1585315701, 5, 59, 64, 37, 1, 9.57%, 0, 0, 6, 1313.42
1585315777, 5, 62, 65, 37, 0, 9.57%, 0, 0, 6, 915.09
1585318592, 5, 62, 66, 38, 0, 9.57%, 0, 0, 6, 470.58
1585318612, 5, 64, 66, 37, 0, 9.57%, 0, 0, 6, 986.18
1585318637, 5, 64, 67, 38, 0, 9.57%, 0, 0, 7, 1407.97
1585318648, 6, 3, 67, 37, 0, 9.57%, 0, 0, 7, 1374.90
1585318653, 6, 18, 67, 37, 0, 9.57%, 0, 0, 7, 1242.25
1585318663, 6, 23, 67, 36, 0, 9.57%, 0, 0, 7, 1174.46
1585318678, 6, 26, 67, 35, 0, 9.57%, 0, 0, 7, 1150.45
1585318683, 6, 34, 68, 36, 0, 9.57%, 0, 0, 7, 1049.47
1585318714, 6, 35, 68, 35, 0, 9.57%, 0, 0, 7, 1360.50
1585318749, 6, 42, 71, 37, 1, 9.57%, 0, 0, 7, 1143.26
1585318795, 6, 63, 71, 36, 1, 9.57%, 0, 0, 7, 820.61
1585320025, 6, 70, 71, 35, 1, 9.57%, 0, 0, 7, 1012.37
1585320030, 6, 70, 72, 36, 1, 9.57%, 0, 0, 7, 1046.82
1585320096, 6, 70, 74, 38, 1, 9.57%, 0, 0, 7, 1264.53
1585320101, 6, 70, 75, 39, 1, 9.57%, 0, 0, 7, 1238.15
1585320106, 6, 70, 78, 42, 1, 9.57%, 0, 0, 7, 1218.49
1585320111, 6, 70, 79, 43, 1, 9.57%, 0, 0, 7, 1161.09
1585320126, 6, 71, 79, 42, 2, 9.57%, 0, 0, 7, 1130.64
1585320207, 6, 72, 81, 43, 1, 9.57%, 0, 0, 7, 1076.13
1585320217, 6, 72, 82, 44, 1, 9.57%, 0, 0, 7, 1145.27
1585320263, 6, 72, 83, 45, 1, 9.57%, 0, 0, 7, 1162.38
1585320278, 6, 72, 84, 46, 1, 9.57%, 0, 0, 7, 1187.48
1585320294, 6, 78, 84, 45, 1, 9.57%, 0, 0, 7, 1171.20
1585320375, 6, 80, 84, 44, 0, 9.57%, 0, 0, 7, 1089.79
1585320435, 6, 80, 85, 45, 0, 9.57%, 0, 0, 8, 1140.21
1585320441, 6, 80, 86, 46, 0, 9.57%, 0, 0, 8, 1077.39
1585320461, 6, 81, 86, 45, 0, 9.57%, 0, 0, 8, 1146.53
1585320522, 6, 81, 89, 48, 0, 9.57%, 0, 0, 8, 1018.03
1585320527, 6, 82, 91, 49, 0, 9.57%, 0, 0, 8, 874.91
1585320593, 6, 84, 91, 48, 0, 9.57%, 0, 0, 8, 1017.14
1585320674, 6, 84, 92, 49, 0, 9.57%, 0, 0, 9, 1100.39
1585320679, 6, 84, 93, 50, 0, 9.57%, 0, 0, 9, 1130.73
1585320699, 6, 91, 93, 49, 0, 9.57%, 0, 0, 9, 1177.24
1585320775, 6, 91, 94, 50, 0, 9.57%, 0, 0, 10, 1148.94
1585320780, 6, 91, 95, 51, 0, 9.57%, 0, 0, 10, 1226.08
1585320785, 6, 91, 96, 52, 0, 9.57%, 0, 0, 10, 1230.36
1585320805, 7, 5, 96, 51, 0, 9.57%, 0, 0, 10, 1335.43
1585320816, 7, 26, 100, 54, 0, 9.57%, 0, 0, 10, 1210.64
1585320821, 7, 29, 100, 54, 0, 9.57%, 0, 0, 10, 1061.53
1585320851, 7, 29, 101, 55, 0, 9.57%, 0, 0, 10, 210.92
1585320856, 7, 32, 102, 55, 0, 9.57%, 0, 0, 10, 821.37
1585320861, 7, 50, 102, 55, 0, 9.57%, 0, 0, 10, 966.40
1585320968, 7, 66, 102, 54, 0, 9.57%, 0, 0, 10, 1017.39
1585321045, 7, 68, 102, 53, 0, 9.57%, 0, 0, 10, 1059.79
1585321121, 7, 71, 102, 52, 0, 9.57%, 0, 0, 10, 1184.75
1585321126, 7, 75, 102, 52, 0, 9.57%, 0, 0, 10, 1143.24
1585321208, 7, 86, 102, 51, 0, 9.57%, 0, 0, 10, 868.16
1585329780, 7, 96, 102, 50, 0, 9.57%, 0, 0, 10, 989.36
1585329786, 7, 96, 103, 51, 0, 9.57%, 0, 0, 10, 992.46
1585329872, 7, 96, 105, 53, 0, 9.57%, 0, 0, 10, 1129.14
1585329882, 7, 96, 106, 54, 0, 9.57%, 0, 0, 10, 1154.89
1585329902, 7, 98, 106, 53, 0, 9.57%, 0, 0, 10, 968.16
1585330060, 7, 98, 108, 55, 0, 9.57%, 0, 0, 10, 1028.54
1585330070, 7, 98, 110, 57, 0, 9.57%, 0, 0, 10, 945.72
1585330096, 7, 103, 110, 56, 0, 9.57%, 0, 0, 10, 970.71
1585330177, 7, 103, 111, 57, 0, 9.57%, 0, 0, 10, 993.60
1585330187, 7, 105, 111, 56, 0, 9.57%, 0, 0, 10, 1088.69
1585330309, 8, 32, 112, 56, 0, 9.57%, 0, 0, 10, 1161.85
1585330314, 8, 37, 112, 56, 0, 9.57%, 0, 0, 10, 1146.30
1585330350, 8, 45, 112, 55, 0, 9.57%, 0, 0, 10, 1271.63
1585330380, 8, 47, 112, 54, 0, 9.57%, 0, 0, 10, 1174.85
1585330411, 8, 52, 112, 53, 0, 9.57%, 0, 0, 10, 1342.30
1585330452, 8, 78, 113, 53, 0, 9.57%, 0, 0, 10, 1224.44
1585330457, 8, 92, 113, 53, 0, 9.57%, 0, 0, 10, 812.20
1585330563, 8, 107, 113, 52, 0, 9.57%, 0, 0, 10, 930.17
1585330838, 8, 107, 114, 53, 0, 9.57%, 0, 0, 10, 692.19
1585330843, 8, 110, 114, 52, 0, 9.57%, 0, 0, 10, 980.41
1585330848, 8, 110, 115, 53, 0, 9.57%, 0, 0, 10, 1080.86
1585330915, 8, 110, 116, 54, 0, 9.57%, 0, 0, 10, 1034.36
1585330935, 8, 112, 116, 53, 0, 9.57%, 1, 0, 10, 1169.94
1585330996, 8, 112, 118, 55, 0, 9.57%, 1, 0, 10, 1167.16
1585331027, 8, 115, 118, 54, 0, 9.57%, 1, 0, 10, 753.07
1585331108, 8, 115, 119, 55, 0, 9.57%, 1, 0, 10, 1108.09
1585331123, 9, 32, 119, 54, 0, 9.57%, 1, 0, 10, 606.94
1585331129, 9, 38, 119, 54, 0, 9.57%, 1, 0, 10, 970.74
1585331134, 9, 46, 119, 54, 0, 9.57%, 1, 0, 10, 918.15
1585331552, 9, 48, 119, 53, 0, 9.57%, 1, 0, 10, 1165.96
1585331653, 9, 65, 119, 52, 0, 9.57%, 1, 0, 10, 1344.88
1585338020, 9, 67, 119, 51, 0, 9.57%, 1, 0, 10, 509.91
1585341794, 9, 77, 119, 50, 0, 9.57%, 1, 0, 10, 1069.61
1585341876, 9, 90, 119, 49, 0, 9.57%, 1, 0, 10, 499.25
1585341962, 9, 95, 119, 48, 0, 9.57%, 1, 0, 10, 1043.47
1585342095, 9, 100, 119, 47, 0, 9.57%, 1, 0, 10, 1028.31
1585342171, 9, 102, 119, 46, 0, 9.57%, 1, 0, 10, 1156.18
1585342268, 9, 104, 119, 45, 0, 9.57%, 1, 0, 10, 1178.79
1585342375, 9, 108, 121, 46, 0, 9.57%, 1, 0, 10, 932.80
1585342589, 9, 108, 123, 48, 0, 9.57%, 1, 0, 10, 860.38
1585342629, 9, 109, 123, 47, 0, 9.57%, 1, 0, 10, 1020.22
1585342766, 9, 113, 123, 46, 0, 9.57%, 1, 0, 10, 161.58
1585358254, 9, 121, 123, 45, 0, 9.57%, 1, 0, 10, 1155.67
1585358274, 9, 121, 124, 46, 0, 9.57%, 1, 0, 10, 788.01
1585358483, 10, 9, 124, 45, 0, 9.57%, 1, 0, 10, 1028.77
1585358509, 10, 25, 124, 44, 0, 9.57%, 1, 0, 10, 1160.74
1585358514, 10, 40, 124, 44, 0, 9.57%, 1, 0, 10, 591.23
1585359673, 10, 53, 124, 43, 0, 9.57%, 1, 0, 10, 943.82
1585360193, 10, 55, 124, 42, 0, 9.57%, 1, 0, 10, 1120.73
1585360218, 10, 60, 124, 41, 0, 9.57%, 1, 0, 10, 1069.34
1585361007, 10, 61, 124, 40, 0, 9.57%, 1, 0, 10, 948.66
1585361067, 10, 73, 124, 39, 0, 9.57%, 1, 0, 10, 1185.04
1585361149, 10, 74, 124, 38, 0, 9.57%, 1, 0, 10, 1137.31
1585361215, 10, 85, 124, 37, 0, 9.57%, 1, 0, 10, 1234.91
1585361296, 10, 87, 124, 36, 0, 9.57%, 1, 0, 10, 439.84
1585378038, 10, 87, 125, 37, 0, 9.57%, 1, 0, 10, 229.86
1585378070, 10, 125, 126, 37, 1, 9.57%, 1, 0, 10, 783.40
1585378293, 10, 125, 127, 38, 1, 9.57%, 1, 0, 10, 895.50
1585378319, 10, 126, 127, 37, 1, 9.57%, 1, 0, 10, 272.23
1585378553, 10, 126, 128, 38, 1, 9.57%, 1, 0, 11, 882.63
1585378579, 10, 127, 128, 37, 0, 9.57%, 1, 0, 11, 811.99
1585378843, 11, 25, 128, 36, 0, 9.57%, 1, 0, 11, 1050.32
1585378848, 11, 38, 128, 36, 0, 9.57%, 1, 0, 11, 1088.66
1585378853, 11, 41, 128, 36, 0, 9.57%, 1, 0, 11, 1076.89
1585379213, 11, 46, 128, 35, 0, 9.57%, 1, 0, 11, 897.44
1585379218, 11, 51, 128, 35, 0, 9.57%, 1, 0, 11, 1307.01
1585379279, 11, 56, 128, 34, 0, 9.57%, 1, 0, 11, 478.71
1585379482, 11, 58, 128, 33, 0, 9.57%, 1, 0, 11, 1255.65
1585379640, 11, 76, 128, 32, 0, 9.57%, 1, 0, 11, 1302.62
1585379701, 11, 76, 129, 33, 0, 9.57%, 1, 0, 11, 1199.90
1585379716, 11, 79, 129, 32, 0, 9.57%, 1, 0, 11, 718.42
1585387028, 11, 97, 129, 31, 0, 9.57%, 1, 0, 11, 891.88
1585387419, 11, 111, 129, 30, 0, 9.57%, 1, 0, 11, 970.61
1585387887, 11, 111, 130, 31, 0, 9.57%, 1, 0, 11, 1142.44
1585387892, 11, 127, 130, 30, 1, 9.57%, 1, 0, 11, 919.77
1585387902, 11, 129, 130, 30, 1, 9.57%, 1, 0, 11, 920.21
1585388095, 12, 20, 130, 29, 0, 9.57%, 1, 0, 11, 1154.98
1585388172, 12, 22, 130, 28, 0, 9.57%, 1, 0, 11, 1200.43
1585388187, 12, 26, 130, 27, 0, 9.57%, 1, 0, 11, 201.72
1585388192, 12, 36, 130, 27, 0, 9.57%, 1, 0, 11, 1144.56
1585388375, 12, 38, 130, 26, 0, 9.57%, 1, 0, 11, 670.95
1585388380, 12, 69, 130, 26, 0, 9.57%, 1, 0, 11, 1028.05
1585388457, 12, 78, 130, 25, 0, 9.57%, 1, 0, 11, 1052.29
1585388462, 12, 83, 130, 25, 0, 9.57%, 1, 0, 11, 1082.22
1585388533, 12, 110, 130, 24, 0, 9.57%, 1, 0, 11, 847.32
1585388538, 12, 117, 130, 24, 0, 9.57%, 1, 0, 11, 966.69
1585388869, 12, 119, 130, 23, 0, 9.57%, 1, 0, 11, 1126.60
1585389579, 12, 120, 130, 22, 0, 9.57%, 1, 0, 11, 981.58
1585390642, 12, 120, 131, 23, 0, 9.57%, 1, 0, 11, 979.27
1585390657, 12, 130, 131, 22, 1, 9.57%, 1, 0, 11, 1097.42
1585390774, 13, 2, 131, 21, 0, 9.57%, 1, 0, 11, 1022.92
1585390779, 13, 26, 131, 21, 0, 9.57%, 1, 0, 11, 975.25
1585390784, 13, 53, 131, 21, 0, 9.57%, 1, 0, 11, 1053.17
1585390790, 13, 54, 131, 21, 0, 9.57%, 1, 0, 11, 625.94
1585420384, 13, 78, 131, 20, 0, 9.57%, 1, 0, 11, 729.48
1585420389, 13, 89, 131, 20, 0, 9.57%, 1, 0, 11, 1079.24
1585420476, 13, 106, 131, 19, 0, 9.57%, 1, 0, 11, 1047.76
1585421605, 13, 114, 131, 18, 0, 9.57%, 1, 0, 11, 1007.79
1585422139, 13, 124, 131, 17, 0, 9.57%, 1, 0, 11, 370.13
1585434904, 13, 130, 131, 16, 0, 9.57%, 1, 0, 11, 819.50
1585434909, 14, 25, 131, 16, 0, 9.57%, 1, 0, 11, 937.07
1585434914, 14, 38, 131, 16, 0, 9.57%, 1, 0, 11, 994.17
1585434919, 14, 83, 131, 16, 0, 9.57%, 1, 0, 11, 1130.49
1585434924, 14, 92, 131, 16, 0, 9.57%, 1, 0, 11, 1142.13
1585434929, 14, 93, 131, 16, 0, 9.57%, 1, 0, 11, 1130.70
1585435092, 14, 99, 131, 15, 0, 9.57%, 1, 0, 11, 1124.92
1585436342, 14, 123, 131, 14, 0, 9.57%, 1, 0, 11, 1099.27
1585437867, 14, 128, 131, 13, 0, 9.57%, 1, 0, 11, 947.28
1585437973, 14, 130, 131, 12, 0, 9.57%, 1, 0, 11, 900.36
1585437978, 14, 130, 132, 13, 0, 9.57%, 1, 0, 11, 1039.06
1585437984, 15, 26, 132, 13, 0, 9.57%, 1, 0, 11, 1053.97
1585437989, 15, 38, 132, 13, 0, 9.57%, 1, 0, 11, 963.13
1585437994, 15, 78, 132, 13, 0, 9.57%, 1, 0, 11, 855.76
1585437999, 15, 94, 132, 13, 0, 9.57%, 1, 0, 11, 802.45
1585438100, 15, 97, 132, 12, 0, 9.57%, 1, 0, 11, 1220.25
1585438105, 15, 113, 132, 12, 0, 9.57%, 1, 0, 11, 227.51
1585438116, 16, 21, 132, 12, 0, 9.57%, 1, 0, 11, 987.28
1585438121, 16, 32, 132, 12, 0, 9.57%, 1, 0, 11, 1221.36
1585438126, 16, 47, 132, 12, 0, 9.57%, 1, 0, 11, 662.18
1585438131, 16, 57, 132, 12, 0, 9.57%, 1, 0, 11, 968.21
1585438471, 16, 78, 132, 11, 0, 9.57%, 1, 0, 11, 1181.83
1585438476, 16, 106, 132, 11, 0, 9.57%, 1, 0, 11, 1020.78
1585438481, 17, 7, 132, 11, 0, 9.57%, 1, 0, 11, 957.70
1585438486, 17, 38, 132, 11, 0, 9.57%, 1, 0, 11, 1153.50
1585438491, 17, 44, 132, 11, 0, 9.57%, 1, 0, 11, 1124.01
1585438894, 17, 102, 132, 10, 0, 9.57%, 1, 0, 11, 1159.74
1585438899, 17, 115, 132, 10, 0, 9.57%, 1, 0, 11, 1102.04
1585438904, 17, 129, 132, 10, 0, 9.57%, 1, 0, 11, 672.30
1585438909, 17, 130, 133, 11, 0, 9.57%, 1, 0, 11, 976.02
1585438914, 17, 132, 133, 11, 0, 9.57%, 1, 0, 11, 638.00
1585438925, 17, 132, 134, 12, 0, 9.57%, 1, 0, 11, 522.24
1585440516, 17, 132, 135, 13, 0, 9.57%, 1, 0, 11, 509.89
1585440542, 17, 133, 135, 12, 0, 9.57%, 1, 0, 11, 682.56
1585442076, 17, 133, 136, 13, 0, 9.57%, 1, 0, 11, 599.77
1585442127, 17, 133, 137, 14, 0, 9.57%, 1, 0, 11, 631.20
1585442157, 18, 25, 137, 13, 0, 9.57%, 1, 0, 11, 1134.35
1585442163, 18, 43, 137, 13, 0, 9.57%, 1, 0, 11, 1101.80
1585442906, 18, 58, 137, 12, 0, 9.57%, 1, 0, 11, 967.02
1585442911, 18, 102, 137, 12, 0, 9.57%, 1, 0, 11, 1041.37
1585442916, 19, 17, 137, 12, 0, 9.57%, 1, 0, 11, 982.98
1585442921, 19, 26, 137, 12, 0, 9.57%, 1, 0, 11, 789.57
1585442926, 19, 39, 137, 12, 0, 9.57%, 1, 0, 11, 956.66
1585442967, 19, 69, 137, 11, 0, 9.57%, 1, 0, 11, 973.98
1585442972, 19, 116, 137, 11, 0, 9.57%, 1, 0, 11, 1056.40
1585443018, 19, 116, 138, 12, 0, 9.57%, 1, 0, 11, 1123.35
1585443023, 19, 117, 138, 11, 0, 9.57%, 1, 0, 11, 1112.71
1585443033, 19, 119, 138, 11, 0, 9.57%, 1, 0, 11, 935.89
1585443038, 19, 134, 138, 11, 0, 9.57%, 1, 0, 11, 823.56
1585444523, 19, 134, 139, 12, 0, 9.57%, 1, 0, 11, 506.36
1585444549, 20, 15, 139, 11, 0, 9.57%, 1, 0, 11, 1178.76
1585444574, 20, 17, 139, 10, 0, 9.57%, 1, 0, 11, 1144.97
1585444579, 20, 26, 139, 10, 0, 9.57%, 1, 0, 11, 915.64
1585444584, 20, 54, 139, 10, 0, 9.57%, 1, 0, 11, 689.61
1585444589, 20, 77, 139, 10, 0, 9.57%, 1, 0, 11, 759.01
1585444594, 20, 80, 139, 10, 0, 9.57%, 1, 0, 11, 882.12
1585444599, 20, 88, 139, 10, 0, 9.57%, 1, 0, 11, 495.31
1585462918, 20, 94, 139, 9, 0, 9.57%, 1, 0, 11, 1111.57
1585462923, 20, 118, 139, 9, 0, 9.57%, 1, 0, 11, 1053.61
1585463025, 20, 136, 139, 8, 0, 9.57%, 1, 0, 11, 805.42
1585474686, 21, 2, 139, 7, 0, 9.57%, 1, 0, 11, 760.49
1585474691, 21, 32, 139, 7, 0, 9.57%, 1, 0, 11, 1163.10
1585474696, 21, 38, 139, 7, 0, 9.57%, 1, 0, 11, 541.20
1585474701, 21, 130, 139, 7, 0, 9.57%, 1, 0, 11, 961.29
1585474706, 21, 135, 139, 7, 0, 9.57%, 1, 0, 11, 605.28
1585486557, 21, 136, 139, 6, 0, 9.57%, 1, 0, 11, 829.24
1585486562, 21, 137, 139, 6, 0, 9.57%, 1, 0, 11, 852.19
1585486669, 22, 25, 139, 5, 0, 9.57%, 1, 0, 11, 1109.26
1585486674, 22, 49, 139, 5, 0, 9.57%, 1, 0, 11, 1306.46
1585486735, 22, 83, 139, 4, 0, 9.57%, 1, 0, 11, 1276.63
1585486740, 22, 101, 139, 4, 0, 9.57%, 1, 0, 11, 1133.37
1585486856, 22, 105, 139, 3, 0, 9.57%, 1, 0, 11, 945.86
1585486861, 22, 127, 139, 3, 0, 9.57%, 1, 0, 11, 961.29
1585486866, 22, 130, 139, 3, 0, 9.57%, 1, 0, 11, 1004.14
1585486871, 23, 32, 139, 3, 0, 9.57%, 1, 0, 11, 1203.47
1585486876, 23, 78, 139, 3, 0, 9.57%, 1, 0, 11, 1217.27
1585486882, 23, 92, 139, 3, 0, 9.57%, 1, 0, 11, 1221.34
1585486887, 23, 122, 139, 3, 0, 9.57%, 1, 0, 11, 1171.38
1585487090, 23, 124, 139, 2, 0, 9.57%, 1, 0, 11, 759.84
1585487100, 23, 127, 139, 2, 0, 9.57%, 1, 0, 11, 903.05
1585487105, 23, 131, 139, 2, 0, 9.57%, 1, 0, 11, 949.39
1585487811, 23, 131, 140, 3, 0, 9.57%, 1, 0, 11, 869.81
1585488944, 23, 139, 140, 2, 0, 9.57%, 1, 0, 11, 948.63
1585488970, 23, 139, 141, 3, 0, 9.57%, 1, 0, 11, 863.39
1585489188, 23, 139, 142, 4, 0, 9.57%, 1, 0, 11, 873.36
1585489270, 23, 140, 142, 3, 1, 9.57%, 1, 0, 11, 945.00
1585489310, 23, 140, 143, 4, 1, 9.57%, 1, 0, 11, 780.74
1585489558, 23, 140, 145, 6, 1, 9.57%, 1, 0, 11, 843.53
1585489579, 23, 140, 146, 7, 1, 9.57%, 1, 0, 11, 822.17
1585489594, 23, 141, 146, 6, 1, 9.57%, 1, 0, 11, 960.88
1585489915, 23, 144, 146, 5, 0, 9.57%, 1, 0, 11, 862.04
1585490230, 23, 144, 147, 6, 0, 9.57%, 1, 0, 12, 991.01
1585490235, 23, 146, 147, 5, 0, 9.57%, 1, 0, 12, 737.17
1585491737, 23, 146, 148, 6, 0, 9.57%, 1, 0, 13, 564.66
1585491763, 23, 146, 149, 7, 0, 9.57%, 1, 0, 13, 632.19
1585491773, 24, 21, 149, 6, 0, 9.57%, 1, 0, 13, 1052.24
1585491778, 24, 38, 150, 7, 0, 9.57%, 1, 0, 13, 1152.57
1585491783, 24, 83, 150, 7, 0, 9.57%, 1, 0, 13, 1066.90
1585491788, 24, 103, 150, 7, 0, 9.57%, 1, 0, 13, 1198.10
1585491793, 24, 118, 150, 7, 0, 9.57%, 1, 0, 13, 1127.73
1585491798, 24, 118, 151, 8, 0, 9.57%, 1, 0, 13, 890.55
1585491803, 24, 141, 151, 8, 0, 9.57%, 1, 0, 13, 850.53
1585491814, 24, 142, 151, 8, 0, 9.57%, 1, 0, 13, 913.41
1585492129, 24, 143, 151, 7, 0, 9.57%, 1, 0, 13, 915.98
1585492420, 24, 143, 155, 11, 0, 9.57%, 1, 0, 13, 486.29
1585492425, 24, 147, 156, 11, 0, 9.57%, 1, 0, 13, 546.39
1585493928, 24, 148, 157, 11, 0, 9.57%, 1, 0, 14, 565.47
1585498716, 24, 149, 157, 10, 0, 9.57%, 1, 0, 14, 830.43
1585499006, 25, 8, 157, 9, 0, 9.57%, 1, 0, 14, 890.76
1585499012, 25, 32, 157, 9, 0, 9.57%, 1, 0, 14, 1017.13
1585499017, 25, 39, 157, 9, 0, 9.57%, 1, 0, 14, 1060.90
1585499022, 25, 78, 157, 9, 0, 9.57%, 1, 0, 14, 1164.68
1585499027, 25, 83, 157, 9, 0, 9.57%, 1, 0, 14, 1074.84
1585499032, 25, 112, 157, 9, 0, 9.57%, 1, 0, 14, 1152.53
1585499037, 25, 121, 157, 9, 0, 9.57%, 1, 0, 14, 881.70
1585499047, 25, 123, 157, 9, 0, 9.57%, 1, 0, 14, 862.57
1585499057, 25, 136, 157, 9, 0, 9.57%, 1, 0, 14, 802.22
1585499067, 25, 141, 157, 9, 0, 9.57%, 1, 0, 14, 994.08
1585499078, 25, 145, 157, 9, 0, 9.57%, 1, 0, 14, 740.08
1585499377, 25, 149, 157, 8, 0, 9.57%, 1, 0, 14, 1047.61
1585499382, 25, 150, 157, 8, 0, 9.57%, 1, 0, 14, 909.36
1585499656, 25, 150, 158, 9, 0, 9.57%, 1, 0, 14, 850.89
1585499686, 25, 153, 158, 8, 0, 9.57%, 1, 0, 14, 789.33
1585504106, 26, 17, 158, 7, 0, 9.57%, 1, 0, 14, 905.69
1585504112, 26, 32, 158, 7, 0, 9.57%, 1, 0, 14, 1025.88
1585504117, 26, 78, 158, 7, 0, 9.57%, 1, 0, 14, 972.55
1585504122, 26, 99, 158, 7, 0, 9.57%, 1, 0, 14, 839.04
1585504127, 26, 134, 158, 7, 0, 9.57%, 1, 0, 14, 617.27
1585504132, 26, 134, 159, 8, 0, 9.57%, 1, 0, 14, 863.05
1585504137, 26, 141, 159, 8, 0, 9.57%, 1, 0, 14, 1005.03
1585504147, 26, 152, 159, 8, 0, 9.57%, 1, 0, 14, 501.90
1585508164, 26, 154, 159, 7, 0, 9.57%, 1, 0, 14, 486.27
1585512440, 27, 21, 159, 6, 0, 9.57%, 1, 0, 14, 868.18
1585512445, 27, 32, 159, 6, 0, 9.57%, 1, 0, 14, 1007.57
1585512450, 27, 78, 159, 6, 0, 9.57%, 1, 0, 14, 929.31
1585512455, 27, 104, 159, 6, 0, 9.57%, 1, 0, 14, 894.07
1585512460, 27, 119, 160, 7, 0, 9.57%, 1, 0, 14, 882.23
1585512466, 27, 137, 160, 7, 0, 9.57%, 1, 0, 14, 962.98
1585512471, 27, 138, 160, 7, 0, 9.57%, 1, 0, 14, 1001.22
1585525050, 27, 141, 160, 6, 0, 9.57%, 1, 0, 14, 900.50
1585525060, 27, 144, 160, 6, 0, 9.57%, 1, 0, 14, 934.14
1585525065, 27, 144, 161, 7, 0, 9.57%, 1, 0, 14, 705.85
1585525071, 27, 151, 161, 7, 0, 9.57%, 1, 0, 14, 756.39
1585529162, 27, 157, 161, 6, 0, 9.57%, 1, 0, 14, 748.14
1585529437, 27, 157, 162, 7, 0, 9.57%, 1, 0, 14, 853.00
1585529467, 27, 161, 162, 6, 0, 9.57%, 1, 0, 14, 879.32
1585529477, 27, 161, 163, 7, 0, 9.57%, 1, 0, 14, 903.47
1585529772, 28, 21, 163, 6, 0, 9.57%, 1, 0, 14, 1121.57
1585529777, 28, 31, 163, 6, 0, 9.57%, 1, 0, 14, 1111.61
1585529782, 28, 57, 163, 6, 0, 9.57%, 1, 0, 14, 1003.47
1585529788, 28, 96, 163, 6, 0, 9.57%, 1, 0, 14, 1076.20
1585529793, 28, 106, 163, 6, 0, 9.57%, 1, 0, 14, 1055.78
1585529798, 28, 121, 163, 6, 0, 9.57%, 1, 0, 14, 1093.75
1585529803, 28, 141, 163, 6, 0, 9.57%, 1, 0, 14, 310.15
1585529808, 28, 145, 163, 6, 0, 9.57%, 1, 0, 14, 807.47
1585529818, 28, 149, 163, 6, 0, 9.57%, 1, 0, 14, 935.78
1585529823, 28, 155, 163, 6, 0, 9.57%, 1, 0, 14, 599.27
1585534234, 28, 156, 163, 5, 0, 9.57%, 1, 0, 14, 685.51
1585538864, 28, 162, 163, 4, 0, 9.57%, 1, 0, 14, 813.78
1585539180, 29, 3, 163, 3, 0, 9.57%, 1, 0, 14, 723.20
1585539185, 29, 26, 163, 3, 0, 9.57%, 1, 0, 14, 920.77
1585539190, 29, 72, 163, 3, 0, 9.57%, 1, 0, 14, 918.99
1585539195, 29, 83, 163, 3, 0, 9.57%, 1, 0, 14, 824.78
1585539200, 29, 134, 163, 3, 0, 9.57%, 1, 0, 14, 643.77
1585539210, 29, 142, 163, 3, 0, 9.57%, 1, 0, 14, 935.84
1585539220, 29, 143, 163, 3, 0, 9.57%, 1, 0, 14, 850.28
1585539236, 29, 149, 163, 3, 0, 9.57%, 1, 0, 14, 819.01
1585539241, 30, 17, 163, 3, 0, 9.57%, 1, 0, 14, 795.51
1585539246, 30, 32, 163, 3, 0, 9.57%, 1, 0, 14, 1033.66
1585539251, 30, 63, 163, 3, 0, 9.57%, 1, 0, 14, 840.90
1585539256, 30, 78, 163, 3, 0, 9.57%, 1, 0, 14, 908.97
1585539261, 30, 132, 163, 3, 0, 9.57%, 1, 0, 14, 697.35
1585539271, 30, 141, 165, 5, 0, 9.57%, 1, 0, 14, 838.66
1585539277, 30, 144, 165, 5, 0, 9.57%, 1, 0, 14, 810.57
1585539287, 30, 146, 165, 5, 0, 9.57%, 1, 0, 14, 697.70
1585539297, 30, 158, 165, 5, 0, 9.57%, 1, 0, 14, 527.99
1585539424, 30, 158, 166, 6, 0, 9.57%, 1, 0, 14, 394.58
1585576403, 30, 161, 167, 6, 0, 9.57%, 1, 0, 14, 921.40
1585576414, 30, 163, 168, 7, 0, 9.57%, 1, 0, 14, 621.58
1585618680, 30, 163, 169, 8, 0, 9.57%, 1, 0, 14, 353.64
1585618710, 30, 166, 169, 7, 0, 9.57%, 1, 0, 14, 803.62
1585619025, 31, 24, 169, 6, 0, 9.57%, 1, 0, 14, 990.33
1585619031, 31, 32, 169, 6, 0, 9.57%, 1, 0, 14, 927.60
1585619036, 31, 78, 169, 6, 0, 9.57%, 1, 0, 14, 651.04
1585619041, 31, 106, 169, 6, 0, 9.57%, 1, 0, 14, 763.82
1585619046, 31, 149, 169, 6, 0, 9.57%, 1, 0, 14, 827.44
1585619056, 31, 164, 169, 6, 0, 9.57%, 1, 0, 14, 512.76
1585657423, 31, 165, 169, 5, 0, 9.57%, 1, 0, 14, 596.90
1585661516, 31, 167, 169, 4, 0, 9.57%, 1, 0, 14, 436.98
1585661536, 31, 167, 170, 5, 0, 9.57%, 1, 0, 14, 336.78
1585697224, 32, 25, 170, 4, 0, 9.57%, 1, 0, 14, 946.49
1585697229, 32, 38, 170, 4, 0, 9.57%, 1, 0, 14, 1150.73
1585697234, 32, 83, 170, 4, 0, 9.57%, 1, 0, 14, 1095.60
1585697239, 32, 89, 170, 4, 0, 9.57%, 1, 0, 14, 1043.80
1585697245, 32, 111, 170, 4, 0, 9.57%, 1, 0, 14, 1191.96
1585697250, 32, 141, 170, 4, 0, 9.57%, 1, 0, 14, 1092.98
1585697255, 33, 25, 170, 4, 0, 9.57%, 1, 0, 14, 1116.47
1585697260, 33, 33, 170, 4, 0, 9.57%, 1, 0, 14, 1170.13
1585697265, 33, 78, 170, 4, 0, 9.57%, 1, 0, 14, 1123.27
1585697270, 33, 82, 170, 4, 0, 9.57%, 1, 0, 14, 987.22
1585697275, 33, 87, 170, 4, 0, 9.57%, 1, 0, 14, 651.00
1585697280, 33, 109, 170, 4, 0, 9.57%, 1, 0, 14, 840.03
1585697285, 33, 114, 170, 4, 0, 9.57%, 1, 0, 14, 1099.27
1585697291, 33, 125, 170, 4, 0, 9.57%, 1, 0, 14, 993.69
1585697301, 33, 132, 170, 4, 0, 9.57%, 1, 0, 14, 795.55
1585697311, 33, 159, 170, 4, 0, 9.57%, 1, 0, 14, 655.08
1585701591, 33, 168, 170, 3, 0, 9.57%, 1, 0, 14, 577.41
1585738017, 34, 21, 170, 2, 0, 9.57%, 1, 0, 14, 910.62
1585738022, 34, 32, 170, 2, 0, 9.57%, 1, 0, 14, 1072.71
1585738028, 34, 78, 170, 2, 0, 9.57%, 1, 0, 14, 1141.05
1585738033, 34, 89, 170, 2, 0, 9.57%, 1, 0, 14, 971.83
1585738038, 34, 132, 170, 2, 0, 9.57%, 1, 0, 14, 796.02
1585738043, 34, 137, 170, 2, 0, 9.57%, 1, 0, 14, 1193.17
1585738048, 34, 137, 171, 3, 0, 9.57%, 1, 0, 14, 637.17
1585738053, 34, 141, 171, 3, 0, 9.57%, 1, 0, 14, 796.93
1585738058, 34, 153, 171, 3, 0, 9.57%, 1, 0, 14, 610.52
1585738064, 34, 164, 171, 3, 0, 9.57%, 1, 0, 14, 602.96
1585738074, 34, 166, 171, 3, 0, 9.57%, 1, 0, 14, 1011.34
1585738084, 35, 25, 171, 3, 0, 9.57%, 1, 0, 14, 990.49
1585738089, 35, 33, 171, 3, 0, 9.57%, 1, 0, 14, 948.84
1585738094, 35, 78, 171, 3, 0, 9.57%, 1, 0, 14, 1055.97
1585738099, 35, 84, 171, 3, 0, 9.57%, 1, 0, 14, 1228.46
1585738104, 35, 126, 171, 3, 0, 9.57%, 1, 0, 14, 1136.37
1585738114, 35, 141, 171, 3, 0, 9.57%, 1, 0, 14, 945.06
1585738120, 35, 160, 171, 3, 0, 9.57%, 1, 0, 14, 566.89
1585775547, 35, 168, 171, 2, 0, 9.57%, 1, 0, 14, 529.35
1585775558, 36, 25, 171, 2, 0, 9.57%, 1, 0, 14, 901.18
1585775563, 36, 33, 172, 3, 0, 9.57%, 1, 0, 14, 971.80
1585775568, 36, 78, 172, 3, 0, 9.57%, 1, 0, 14, 1061.65
1585775573, 36, 126, 172, 3, 0, 9.57%, 1, 0, 14, 1081.04
1585775578, 36, 141, 172, 3, 0, 9.57%, 1, 0, 14, 840.86
1585775583, 36, 169, 172, 3, 0, 9.57%, 1, 0, 14, 502.26
1585801505, 36, 169, 173, 4, 0, 9.57%, 1, 0, 14, 369.54
1585811094, 37, 17, 173, 3, 0, 9.57%, 1, 0, 14, 1000.24
1585811099, 37, 38, 173, 3, 0, 9.57%, 1, 0, 14, 1088.85
1585811104, 37, 83, 173, 3, 0, 9.57%, 1, 0, 14, 1051.03
1585811109, 37, 109, 173, 3, 0, 9.57%, 1, 0, 14, 1060.90
1585811114, 37, 126, 173, 3, 0, 9.57%, 1, 0, 14, 1110.89
1585811120, 37, 159, 173, 3, 0, 9.57%, 1, 0, 14, 805.08
1585811125, 37, 167, 173, 3, 0, 9.57%, 1, 0, 14, 640.39
1585811135, 38, 2, 173, 3, 0, 9.57%, 1, 0, 14, 851.40
1585811140, 38, 26, 174, 4, 0, 9.57%, 1, 0, 14, 1144.10
1585811145, 38, 37, 174, 4, 0, 9.57%, 1, 0, 14, 986.54
1585811150, 38, 83, 174, 4, 0, 9.57%, 1, 0, 14, 1113.74
1585811155, 38, 103, 174, 4, 0, 9.57%, 1, 0, 14, 1159.76
1585811160, 38, 116, 174, 4, 0, 9.57%, 1, 0, 14, 1345.18
1585811165, 38, 128, 174, 4, 0, 9.57%, 1, 0, 14, 1194.80
1585811176, 38, 138, 174, 4, 0, 9.57%, 1, 0, 14, 932.82
1585811181, 38, 141, 174, 4, 0, 9.57%, 1, 0, 14, 941.45
1585811186, 38, 142, 174, 4, 0, 9.57%, 1, 0, 14, 1074.70
1585811191, 38, 168, 174, 4, 0, 9.57%, 1, 0, 14, 798.91
1585811196, 38, 170, 174, 4, 0, 9.57%, 1, 0, 14, 779.64
