54157 54157 0
54157 53473 684
54157 53473 684
54157 53473 684
54157 53473 684
54157 51014 3143
54157 51014 3143
54157 51014 3143
54157 50344 3813
54157 50344 3813
54157 50344 3813
54157 50344 3813
54157 50344 3813
54157 50344 3813
54157 50344 3813
54157 50344 3813
54157 50344 3813
54157 50344 3813
54157 50344 3813
54157 50344 3813
54157 50344 3813
54157 50344 3813
54157 50344 3813
54157 50344 3813
54157 50344 3813
54157 50344 3813
54157 50344 3813
54157 50344 3813
54157 50344 3813
54157 50344 3813
54157 50344 3813
54157 50344 3813
54157 50344 3813
54157 50344 3813
54157 50344 3813
54157 50344 3813
54157 50254 3903
54157 50254 3903
54157 50254 3903
54157 50254 3903
54157 50254 3903
54157 50254 3903
54157 50254 3903
54157 50254 3903
54157 50254 3903
54157 50254 3903
54157 50254 3903
54157 50254 3903
54157 50254 3903
54157 50254 3903
54157 50254 3903
54157 50254 3903
54157 50254 3903
54157 50254 3903
54157 50254 3903
54157 50254 3903
54157 50254 3903
54157 50254 3903
54157 50254 3903
54157 50254 3903
54157 50254 3903
54157 50254 3903
54157 50254 3903
54157 50254 3903
54157 50254 3903
54157 50254 3903
54157 50254 3903
54157 50254 3903
54157 50254 3903
54157 50254 3903
54157 50254 3903
54157 50254 3903
54157 50254 3903
54157 50254 3903
54157 50254 3903
54157 50254 3903
54157 50254 3903
54157 50254 3903
54157 50254 3903
54157 50254 3903
54157 50254 3903
54157 50254 3903
54157 50254 3903
54157 50254 3903
54157 50254 3903
54157 50254 3903
54157 50254 3903
54157 50254 3903
54157 50254 3903
54157 50254 3903
54157 50254 3903
54157 50254 3903
54157 50254 3903
54157 50254 3903
54157 50254 3903
54157 50254 3903
54157 50254 3903
54157 50254 3903
54157 50254 3903
54157 50254 3903
54157 50254 3903
54157 50254 3903
54157 50254 3903
54157 50254 3903
54157 50254 3903
54157 50254 3903
54157 50254 3903
54157 50254 3903
