54157 54157 0
54157 53473 684
54157 53473 684
54157 53473 684
54157 53473 684
54157 53473 684
54157 53473 684
54157 53473 684
54157 53473 684
54157 53473 684
54157 53473 684
54157 53473 684
54157 53473 684
54157 53473 684
54157 53473 684
54157 53473 684
54157 53473 684
54157 53473 684
54157 53473 684
54157 53473 684
54157 53473 684
54157 53473 684
54157 53473 684
54157 53473 684
54157 53473 684
54157 53473 684
54157 53473 684
54157 53473 684
54157 53473 684
54157 53473 684
54157 53473 684
54157 53473 684
54157 53473 684
54157 53473 684
54157 53473 684
54157 53473 684
54157 53473 684
54157 53473 684
54157 53473 684
54157 53473 684
54157 53473 684
54157 53473 684
54157 53473 684
54157 53473 684
54157 53473 684
54157 53473 684
54157 53473 684
54157 53473 684
54157 53473 684
54157 50349 3808
54157 50349 3808
54157 50349 3808
54157 50349 3808
54157 50349 3808
54157 50349 3808
54157 50349 3808
54157 50349 3808
54157 50349 3808
54157 50349 3808
54157 50349 3808
54157 50349 3808
54157 50349 3808
54157 50349 3808
54157 50349 3808
54157 50349 3808
54157 50349 3808
54157 50349 3808
54157 50349 3808
54157 50349 3808
54157 50349 3808
54157 50349 3808
54157 50349 3808
54157 50349 3808
54157 50349 3808
54157 50259 3898
54157 50259 3898
54157 50259 3898
54157 50259 3898
54157 50259 3898
54157 50259 3898
54157 50259 3898
54157 50259 3898
54157 50259 3898
54157 50259 3898
54157 50259 3898
54157 50259 3898
54157 50259 3898
54157 50259 3898
54157 50259 3898
54157 50259 3898
54157 50259 3898
54157 50259 3898
54157 50259 3898
54157 50259 3898
54157 50259 3898
54157 50259 3898
54157 50259 3898
54157 50259 3898
54157 50259 3898
54157 50259 3898
54157 50259 3898
54157 50259 3898
54157 50259 3898
54157 50259 3898
54157 50259 3898
54157 50259 3898
54157 50259 3898
54157 50259 3898
54157 50259 3898
54157 50259 3898
54157 50259 3898
54157 50259 3898
54157 50259 3898
54157 50259 3898
54157 50259 3898
54157 50259 3898
54157 50259 3898
54157 50259 3898
54157 50259 3898
54157 50259 3898
54157 50259 3898
54157 50259 3898
54157 50259 3898
54157 50259 3898
54157 50259 3898
54157 50259 3898
54157 50259 3898
54157 50259 3898
54157 50259 3898
54157 50259 3898
54157 50259 3898
54157 50259 3898
54157 50259 3898
54157 50259 3898
54157 50259 3898
54157 50259 3898
54157 50259 3898
54157 50259 3898
54157 50259 3898
54157 50259 3898
54157 50259 3898
54157 50259 3898
54157 50259 3898
54157 50259 3898
54157 50259 3898
54157 50259 3898
54157 50259 3898
54157 50259 3898
54157 50259 3898
54157 50259 3898
54157 50259 3898
54157 50259 3898
54157 50259 3898
54157 50259 3898
54157 50259 3898
54157 50259 3898
54157 50259 3898
54157 50259 3898
54157 50259 3898
54157 50259 3898
54157 50259 3898
54157 50259 3898
54157 50259 3898
54157 50259 3898
54157 50259 3898
54157 50259 3898
54157 50259 3898
54157 50259 3898
54157 50259 3898
54157 50259 3898
54157 50259 3898
54157 50259 3898
54157 50259 3898
54157 50259 3898
54157 50259 3898
54157 50259 3898
54157 50259 3898
54157 50259 3898
54157 50259 3898
54157 50259 3898
54157 50259 3898
54157 50259 3898
54157 50259 3898
54157 50259 3898
54157 50259 3898
54157 50259 3898
54157 50259 3898
54157 50259 3898
54157 50259 3898
54157 50259 3898
54157 50259 3898
54157 50259 3898
54157 50259 3898
54157 50259 3898
54157 50259 3898
54157 50259 3898
54157 50259 3898
54157 50259 3898
54157 50259 3898
54157 50259 3898
54157 50259 3898
54157 50259 3898
54157 50259 3898
54157 50259 3898
54157 50259 3898
54157 50259 3898
54157 50259 3898
54157 50259 3898
54157 50259 3898
54157 50259 3898
54157 50259 3898
54157 50259 3898
54157 50259 3898
54157 50259 3898
54157 50259 3898
54157 50259 3898
54157 50259 3898
54157 50259 3898
54157 50259 3898
54157 50259 3898
54157 50259 3898
54157 50259 3898
54157 50259 3898
54157 50259 3898
54157 50259 3898
54157 50259 3898
54157 50259 3898
54157 50259 3898
54157 50259 3898
54157 50259 3898
54157 50259 3898
54157 50259 3898
54157 50259 3898
54157 50259 3898
54157 50259 3898
54157 50259 3898
54157 50259 3898
54157 50259 3898
54157 50259 3898
54157 50259 3898
54157 50259 3898
54157 50257 3900
54157 50257 3900
54157 50257 3900
54157 50257 3900
54157 50257 3900
54157 50257 3900
54157 50257 3900
54157 50257 3900
54157 50257 3900
54157 50257 3900
54157 50257 3900
54157 50257 3900
54157 50257 3900
54157 50257 3900
54157 50257 3900
54157 50257 3900
54157 50257 3900
54157 50257 3900
54157 50257 3900
54157 50257 3900
54157 50257 3900
54157 50257 3900
54157 50257 3900
54157 50257 3900
54157 50257 3900
54157 50257 3900
54157 50257 3900
54157 50257 3900
54157 50257 3900
54157 50257 3900
54157 50257 3900
54157 50257 3900
54157 50257 3900
54157 50257 3900
54157 50257 3900
54157 50257 3900
54157 50257 3900
54157 50257 3900
54157 50257 3900
54157 50257 3900
54157 50257 3900
54157 50257 3900
54157 50257 3900
54157 50257 3900
54157 50257 3900
54157 50257 3900
54157 50257 3900
