# unix_time, cycles_done, cur_path, paths_total, pending_total, pending_favs, map_size, unique_crashes, unique_hangs, max_depth, execs_per_sec
1585315068, 0, 0, 1, 1, 1, 4.74%, 0, 0, 1, 363.64
1585315073, 0, 0, 2, 2, 1, 4.74%, 0, 0, 2, 487.11
1585315079, 0, 0, 3, 3, 1, 4.74%, 0, 0, 2, 532.08
1585315109, 0, 0, 4, 4, 1, 4.74%, 0, 0, 2, 485.28
1585315115, 0, 0, 5, 5, 1, 9.89%, 0, 0, 2, 485.13
1585315125, 0, 0, 10, 10, 1, 12.53%, 0, 0, 2, 468.27
1585315191, 0, 2, 10, 9, 5, 12.53%, 0, 0, 2, 525.24
1585315248, 0, 4, 10, 8, 4, 12.53%, 0, 0, 2, 494.78
1585315258, 0, 4, 12, 10, 4, 12.53%, 0, 0, 3, 471.11
1585315268, 0, 4, 14, 12, 4, 12.53%, 0, 0, 3, 443.11
1585315293, 0, 4, 17, 15, 4, 12.53%, 0, 0, 3, 467.15
1585315319, 0, 4, 19, 17, 4, 12.54%, 0, 0, 3, 507.45
1585315324, 0, 4, 23, 21, 4, 12.54%, 0, 0, 3, 501.62
1585315339, 0, 4, 24, 22, 4, 12.54%, 0, 0, 3, 501.52
1585315349, 0, 4, 25, 23, 4, 12.54%, 0, 0, 3, 506.28
1585315364, 0, 8, 25, 22, 5, 12.54%, 0, 0, 3, 407.37
1585315400, 0, 11, 25, 20, 3, 12.54%, 0, 0, 3, 488.48
1585315472, 0, 23, 25, 19, 2, 12.54%, 0, 0, 3, 477.04
1585315533, 0, 23, 26, 20, 2, 12.54%, 0, 0, 4, 496.54
1585315538, 0, 24, 26, 19, 2, 12.54%, 0, 0, 4, 456.45
1585315568, 0, 24, 27, 20, 2, 12.55%, 0, 0, 4, 426.92
1585315609, 0, 25, 27, 19, 2, 12.55%, 0, 0, 4, 380.50
1585315681, 0, 26, 28, 19, 1, 12.55%, 0, 0, 5, 491.74
1585315686, 0, 26, 29, 20, 1, 12.55%, 0, 0, 5, 454.12
1585315691, 0, 26, 30, 21, 1, 12.55%, 0, 0, 5, 461.90
1585315757, 0, 26, 31, 22, 1, 12.55%, 0, 0, 5, 484.93
1585315762, 0, 26, 32, 23, 1, 12.55%, 0, 0, 5, 489.86
1585315767, 0, 26, 33, 24, 1, 12.55%, 0, 0, 5, 467.52
1585315782, 0, 26, 34, 25, 1, 12.55%, 0, 0, 5, 493.26
1585315787, 0, 26, 35, 26, 1, 12.55%, 0, 0, 5, 493.38
1585315792, 0, 26, 36, 27, 1, 13.88%, 0, 0, 5, 496.44
1585315818, 0, 26, 37, 28, 1, 13.89%, 0, 0, 5, 486.08
1585315823, 0, 31, 37, 27, 5, 13.89%, 0, 0, 5, 485.61
1585315849, 0, 31, 38, 28, 5, 13.89%, 0, 0, 6, 467.86
1585315869, 0, 32, 38, 27, 4, 13.89%, 0, 0, 6, 489.71
1585315904, 0, 33, 38, 26, 3, 13.89%, 0, 0, 6, 484.24
1585315996, 0, 36, 38, 25, 2, 13.89%, 0, 0, 6, 465.21
1585316072, 0, 37, 38, 24, 1, 13.89%, 0, 0, 6, 432.91
1585316118, 1, 3, 38, 23, 0, 13.89%, 0, 0, 6, 471.48
1585316174, 1, 10, 38, 22, 0, 13.89%, 0, 0, 6, 494.54
1585316246, 1, 12, 39, 22, 0, 13.89%, 0, 0, 6, 482.73
1585316317, 1, 15, 39, 21, 0, 13.89%, 0, 0, 6, 397.14
1585316388, 1, 21, 39, 20, 0, 13.89%, 0, 0, 6, 444.45
1585316449, 1, 21, 40, 21, 0, 13.89%, 0, 0, 6, 455.26
1585316454, 1, 28, 40, 20, 0, 13.89%, 0, 0, 6, 378.02
1585316479, 1, 28, 41, 21, 0, 13.89%, 0, 0, 6, 416.81
1585316535, 1, 28, 43, 23, 0, 13.89%, 0, 0, 6, 425.86
1585316545, 1, 28, 44, 24, 0, 13.89%, 0, 0, 6, 432.36
1585316571, 1, 32, 44, 23, 0, 13.89%, 0, 0, 6, 484.11
1585316576, 1, 35, 45, 24, 0, 13.89%, 0, 0, 6, 423.25
1585316658, 1, 35, 46, 25, 0, 13.89%, 0, 0, 6, 444.22
1585316663, 1, 36, 46, 24, 1, 13.89%, 0, 0, 6, 408.28
1585316668, 1, 45, 46, 24, 1, 13.89%, 0, 0, 6, 431.13
1585316698, 1, 45, 47, 25, 1, 13.89%, 0, 0, 7, 443.09
1585316744, 1, 45, 49, 27, 1, 13.89%, 0, 0, 7, 459.15
1585316780, 1, 45, 51, 29, 1, 13.89%, 0, 0, 7, 459.98
1585316795, 1, 46, 51, 28, 1, 13.89%, 0, 0, 7, 453.40
1585316861, 1, 46, 52, 29, 1, 13.89%, 0, 0, 8, 398.27
1585316876, 1, 47, 52, 28, 0, 13.89%, 0, 0, 8, 463.13
1585316947, 1, 47, 53, 29, 0, 13.89%, 0, 0, 8, 426.74
1585316952, 1, 47, 54, 30, 0, 13.89%, 0, 0, 8, 421.51
1585316962, 1, 47, 55, 31, 0, 13.90%, 0, 0, 8, 383.24
1585316967, 1, 47, 56, 32, 0, 13.90%, 0, 0, 8, 429.33
1585317018, 1, 47, 57, 33, 0, 13.90%, 0, 0, 8, 407.84
1585317023, 1, 50, 57, 32, 3, 13.90%, 0, 0, 8, 450.33
1585317105, 1, 50, 58, 33, 3, 13.90%, 0, 0, 8, 419.81
1585317120, 1, 53, 58, 32, 3, 13.90%, 0, 0, 8, 406.17
1585317187, 1, 54, 58, 31, 2, 13.90%, 0, 0, 8, 378.13
1585317248, 1, 56, 59, 31, 1, 13.90%, 0, 0, 9, 409.96
1585317355, 1, 56, 61, 33, 1, 13.90%, 0, 0, 9, 414.71
1585317411, 1, 58, 61, 32, 1, 13.90%, 0, 0, 9, 461.16
1585317512, 1, 60, 61, 31, 0, 13.90%, 0, 0, 9, 484.79
1585317649, 1, 60, 63, 33, 0, 13.90%, 0, 0, 10, 428.73
1585317674, 2, 2, 75, 44, 0, 13.90%, 0, 0, 10, 507.11
1585317679, 2, 2, 77, 46, 0, 13.90%, 0, 0, 10, 514.79
1585317684, 2, 2, 79, 48, 0, 13.90%, 0, 0, 10, 504.81
1585317689, 2, 7, 79, 48, 0, 13.90%, 0, 0, 10, 483.45
1585317725, 2, 7, 81, 50, 0, 13.90%, 0, 0, 10, 489.66
1585317740, 2, 17, 81, 49, 0, 13.90%, 0, 0, 10, 381.72
1585317817, 2, 20, 81, 48, 0, 13.90%, 0, 0, 10, 432.60
1585317888, 2, 32, 81, 47, 0, 13.90%, 0, 0, 10, 464.10
1585317893, 2, 38, 81, 47, 0, 13.90%, 0, 0, 10, 441.58
1585317985, 2, 46, 81, 46, 0, 13.90%, 0, 0, 10, 450.45
1585317990, 2, 54, 81, 46, 0, 13.90%, 0, 0, 10, 451.29
1585317995, 2, 57, 81, 46, 0, 13.90%, 0, 0, 10, 465.86
1585318000, 2, 57, 82, 47, 0, 13.90%, 0, 0, 10, 388.15
1585318061, 2, 57, 83, 48, 0, 13.90%, 0, 0, 10, 432.22
1585318067, 2, 57, 84, 49, 0, 13.90%, 0, 0, 10, 470.84
1585318072, 2, 57, 85, 50, 0, 13.90%, 0, 0, 10, 442.62
1585318077, 2, 57, 86, 51, 0, 13.90%, 0, 0, 10, 427.39
1585318102, 2, 82, 86, 50, 0, 13.90%, 0, 0, 10, 446.41
1585318107, 2, 82, 87, 51, 0, 13.90%, 0, 0, 10, 430.35
1585318194, 3, 29, 87, 50, 0, 13.90%, 0, 0, 10, 448.21
1585318275, 3, 29, 88, 51, 0, 13.90%, 0, 0, 10, 457.18
1585318286, 3, 32, 88, 50, 0, 13.90%, 0, 0, 10, 470.89
1585318291, 3, 37, 88, 50, 0, 13.90%, 0, 0, 10, 414.24
1585318296, 3, 53, 88, 50, 0, 13.90%, 0, 0, 10, 435.80
1585318301, 3, 61, 88, 50, 0, 13.90%, 0, 0, 10, 468.13
1585318494, 3, 62, 88, 49, 0, 13.90%, 0, 0, 10, 454.73
1585318651, 3, 62, 89, 50, 0, 13.90%, 0, 0, 11, 485.25
1585318666, 3, 64, 89, 49, 0, 13.90%, 0, 0, 11, 453.46
1585319635, 3, 67, 89, 48, 0, 13.90%, 0, 0, 11, 382.64
1585319905, 3, 73, 89, 47, 0, 13.90%, 0, 0, 11, 434.75
1585320421, 3, 80, 89, 46, 0, 13.90%, 0, 0, 11, 383.47
1585323453, 3, 80, 90, 47, 0, 13.90%, 0, 0, 11, 279.21
1585323458, 3, 80, 91, 48, 0, 13.90%, 0, 0, 11, 323.10
1585323478, 3, 83, 91, 47, 0, 13.90%, 0, 0, 11, 235.72
1585330189, 3, 87, 91, 46, 0, 13.90%, 0, 0, 11, 265.16
1585336660, 3, 87, 93, 48, 0, 13.90%, 0, 0, 11, 210.22
1585336706, 3, 87, 94, 49, 0, 13.90%, 0, 0, 11, 205.65
1585336716, 3, 87, 95, 50, 0, 13.90%, 0, 0, 11, 246.93
1585336737, 3, 95, 96, 50, 0, 13.90%, 0, 0, 11, 207.26
1585353000, 4, 1, 96, 49, 0, 13.90%, 0, 0, 11, 193.32
1585353056, 4, 6, 96, 48, 0, 13.90%, 0, 0, 11, 412.91
1585353117, 4, 15, 96, 47, 0, 13.90%, 0, 0, 11, 420.11
1585353122, 4, 22, 96, 47, 0, 13.90%, 0, 0, 11, 396.12
1585353193, 4, 27, 96, 46, 0, 13.90%, 0, 0, 11, 365.90
1585353289, 4, 30, 96, 45, 0, 13.90%, 0, 0, 11, 428.99
1585353370, 4, 31, 96, 44, 0, 13.90%, 0, 0, 11, 446.45
1585353375, 4, 36, 96, 44, 0, 13.90%, 0, 0, 11, 451.42
1585353380, 4, 41, 96, 44, 0, 13.90%, 0, 0, 11, 445.07
1585353467, 4, 46, 96, 43, 0, 13.90%, 0, 0, 11, 478.95
1585353472, 4, 48, 96, 43, 0, 13.90%, 0, 0, 11, 468.22
1585353559, 4, 53, 96, 42, 0, 13.90%, 0, 0, 11, 443.27
1585353564, 4, 58, 96, 42, 0, 13.90%, 0, 0, 11, 425.50
1585353569, 4, 65, 96, 42, 0, 13.90%, 0, 0, 11, 338.17
1585354385, 4, 66, 96, 41, 0, 13.90%, 0, 0, 11, 435.47
1585354864, 4, 74, 96, 40, 0, 13.90%, 0, 0, 11, 403.87
1585355374, 4, 76, 96, 39, 0, 13.90%, 0, 0, 11, 451.18
1585357062, 4, 84, 96, 38, 0, 13.90%, 0, 0, 11, 386.38
1585360608, 4, 85, 96, 37, 0, 13.90%, 0, 0, 11, 405.79
1585360704, 4, 85, 97, 38, 0, 13.90%, 0, 0, 11, 436.44
1585360715, 4, 85, 98, 39, 0, 13.90%, 0, 0, 11, 464.01
1585360735, 4, 85, 99, 40, 0, 13.90%, 0, 0, 11, 449.58
1585360750, 4, 88, 99, 39, 0, 13.90%, 0, 0, 11, 265.55
1585366027, 4, 94, 99, 38, 0, 13.90%, 0, 0, 11, 210.82
1585373124, 4, 94, 100, 39, 0, 13.91%, 0, 0, 11, 160.01
1585396075, 4, 94, 101, 40, 0, 13.91%, 0, 0, 11, 194.12
1585455906, 4, 94, 102, 41, 0, 13.91%, 0, 0, 11, 172.19
1585493391, 4, 100, 102, 40, 2, 13.91%, 0, 0, 11, 195.24
1585523308, 4, 100, 103, 41, 2, 13.91%, 0, 0, 11, 200.64
1585621764, 4, 100, 104, 42, 2, 13.91%, 0, 0, 11, 178.23
1585621769, 4, 100, 105, 43, 2, 13.91%, 0, 0, 11, 193.34
1585621897, 4, 101, 105, 42, 1, 13.91%, 0, 0, 11, 163.29
1585738726, 4, 102, 105, 41, 0, 13.91%, 0, 0, 11, 229.57
1585775191, 4, 102, 106, 42, 0, 13.91%, 0, 0, 11, 188.46
1585801508, 4, 102, 107, 43, 0, 13.91%, 0, 0, 11, 219.37
