4305 4305 0
4305 3621 684
4305 3621 684
4305 3621 684
4305 3621 684
4305 3621 684
4305 1152 3153
4305 1152 3153
4305 1152 3153
4305 496 3809
4305 496 3809
4305 496 3809
4305 496 3809
4305 496 3809
4305 496 3809
4305 496 3809
4305 496 3809
4305 496 3809
4305 496 3809
4305 496 3809
4305 496 3809
4305 496 3809
4305 406 3899
4305 406 3899
4305 406 3899
4305 406 3899
4305 406 3899
4305 406 3899
4305 406 3899
4305 406 3899
4305 406 3899
4305 406 3899
4305 406 3899
4305 406 3899
4305 406 3899
4305 406 3899
4305 406 3899
4305 406 3899
4305 406 3899
4305 406 3899
4305 406 3899
4305 406 3899
4305 406 3899
4305 406 3899
4305 406 3899
4305 406 3899
4305 406 3899
4305 406 3899
4305 406 3899
4305 406 3899
4305 406 3899
4305 406 3899
4305 406 3899
4305 406 3899
4305 406 3899
4305 406 3899
4305 406 3899
4305 406 3899
4305 406 3899
4305 406 3899
4305 406 3899
4305 406 3899
4305 406 3899
4305 406 3899
4305 406 3899
4305 406 3899
4305 406 3899
4305 406 3899
4305 406 3899
4305 406 3899
4305 406 3899
4305 406 3899
4305 406 3899
4305 406 3899
4305 406 3899
4305 406 3899
4305 406 3899
4305 406 3899
4305 406 3899
4305 406 3899
4305 406 3899
4305 406 3899
4305 406 3899
4305 406 3899
4305 406 3899
4305 406 3899
4305 406 3899
4305 406 3899
4305 406 3899
4305 406 3899
4305 406 3899
4305 406 3899
4305 406 3899
4305 406 3899
4305 405 3900
4305 405 3900
4305 405 3900
4305 405 3900
4305 405 3900
4305 405 3900
4305 405 3900
4305 405 3900
4305 405 3900
4305 405 3900
4305 405 3900
4305 405 3900
4305 405 3900
4305 405 3900
4305 405 3900
4305 405 3900
4305 405 3900
4305 405 3900
4305 405 3900
4305 405 3900
4305 405 3900
4305 405 3900
4305 405 3900
4305 405 3900
4305 405 3900
4305 405 3900
4305 405 3900
4305 405 3900
4305 405 3900
4305 405 3900
4305 405 3900
4305 405 3900
4305 405 3900
4305 405 3900
4305 405 3900
4305 405 3900
4305 405 3900
4305 405 3900
4305 405 3900
4305 405 3900
4305 405 3900
4305 405 3900
4305 405 3900
4305 405 3900
4305 405 3900
4305 405 3900
4305 405 3900
4305 405 3900
4305 405 3900
4305 405 3900
4305 405 3900
4305 405 3900
4305 405 3900
4305 405 3900
4305 405 3900
4305 405 3900
4305 405 3900
4305 405 3900
4305 405 3900
4305 405 3900
4305 405 3900
4305 405 3900
4305 405 3900
4305 405 3900
4305 405 3900
4305 405 3900
4305 405 3900
4305 405 3900
4305 405 3900
4305 405 3900
4305 405 3900
4305 405 3900
