
0 0
5 684
16 684
21 3143
31 3143
46 3143
66 3813
71 3813
82 3813
87 3813
92 3813
97 3813
102 3813
107 3813
117 3813
122 3813
132 3813
137 3813
152 3813
168 3903
183 3903
198 3903
218 3903
244 3903
264 3903
279 3903
289 3903
315 3903
340 3903
345 3903
365 3903
370 3903
390 3903
396 3903
401 3903
431 3903
462 3903
467 3903
498 3903
503 3903
528 3903
553 3903
584 3903
609 3903
615 3903
620 3903
625 3903
635 3903
711 3903
3526 3903
3546 3903
3571 3903
3582 3903
3587 3903
3597 3903
3612 3903
3617 3903
3648 3903
3683 3903
3729 3903
4959 3903
4964 3903
5030 3903
5035 3903
5040 3903
5045 3903
5060 3903
5141 3903
5151 3903
5197 3903
5212 3903
5228 3903
5309 3903
5369 3903
5375 3903
5395 3903
5456 3903
5461 3903
5527 3903
5608 3903
5613 3903
5633 3903
5709 3903
5714 3903
5719 3903
5739 3903
5750 3903
5755 3903
5785 3903
5790 3903
5795 3903
5902 3903
5979 3903
6055 3903
6060 3903
6142 3903
14714 3903
14720 3903
14806 3903
14816 3903
14836 3903
14994 3903
15004 3903
15030 3903
15111 3903
15121 3903
15243 3903
15248 3903
15284 3903
15314 3903
15345 3903
15386 3903
15391 3903
15497 3903
15772 3903
15777 3903
15782 3903
15849 3903
15869 3903
15930 3903
15961 3903
16042 3903
16057 3903
16063 3903
16068 3903
16486 3903
16587 3903
22954 3903
26728 3903
26810 3903
26896 3903
27029 3903
27105 3903
27202 3903
27309 3903
27523 3903
27563 3903
27700 3903
43188 3903
43208 3903
43417 3903
43443 3903
43448 3903
44607 3903
45127 3903
45152 3903
45941 3903
46001 3903
46083 3903
46149 3903
46230 3903
62972 3903
63004 3903
63227 3903
63253 3903
63487 3903
63513 3903
63777 3903
63782 3903
63787 3903
64147 3903
64152 3903
64213 3903
64416 3903
64574 3903
64635 3903
64650 3903
71962 3903
72353 3903
72821 3903
72826 3903
72836 3903
73029 3903
73106 3903
73121 3903
73126 3903
73309 3903
73314 3903
73391 3903
73396 3903
73467 3903
73472 3903
73803 3903
74513 3903
75576 3903
75591 3903
75708 3903
75713 3903
75718 3903
75724 3903
105318 3903
105323 3903
105410 3903
106539 3903
107073 3903
119838 3903
119843 3903
119848 3903
119853 3903
119858 3903
119863 3903
120026 3903
121276 3903
122801 3903
122907 3903
122912 3903
122918 3903
122923 3903
122928 3903
122933 3903
123034 3903
123039 3903
123050 3903
123055 3903
123060 3903
123065 3903
123405 3903
123410 3903
123415 3903
123420 3903
123425 3903
123828 3903
123833 3903
123838 3903
123843 3903
123848 3903
123859 3903
125450 3903
125476 3903
127010 3903
127061 3903
127091 3903
127097 3903
127840 3903
127845 3903
127850 3903
127855 3903
127860 3903
127901 3903
127906 3903
127952 3903
127957 3903
127967 3903
127972 3903
129457 3903
129483 3903
129508 3903
129513 3903
129518 3903
129523 3903
129528 3903
129533 3903
147852 3903
147857 3903
147959 3903
159620 3903
159625 3903
159630 3903
159635 3903
159640 3903
171491 3903
171496 3903
171603 3903
171608 3903
171669 3903
171674 3903
171790 3903
171795 3903
171800 3903
171805 3903
171810 3903
171816 3903
171821 3903
172024 3903
172034 3903
172039 3903
172745 3903
173878 3903
173904 3903
174122 3903
174204 3903
174244 3904
174492 3904
174513 3904
174528 3904
174849 3904
175164 3904
175169 3904
176671 3904
176697 3904
176707 3904
176712 3904
176717 3904
176722 3904
176727 3904
176732 3904
176737 3904
176748 3904
177063 3904
177354 3904
177359 3904
178862 3904
183650 3904
183940 3904
183946 3904
183951 3904
183956 3904
183961 3904
183966 3904
183971 3904
183981 3904
183991 3904
184001 3904
184012 3904
184311 3904
184316 3904
184590 3904
184620 3904
189040 3904
189046 3904
189051 3904
189056 3904
189061 3904
189066 3904
189071 3904
189081 3904
193098 3904
197374 3904
197379 3904
197384 3904
197389 3904
197394 3904
197400 3904
197405 3904
209984 3904
209994 3904
209999 3904
210005 3904
214096 3904
214371 3904
214401 3904
214411 3904
214706 3904
214711 3904
214716 3904
214722 3904
214727 3904
214732 3904
214737 3904
214742 3904
214752 3904
214757 3904
219168 3904
223798 3904
224114 3904
224119 3904
224124 3904
224129 3904
224134 3904
224144 3904
224154 3904
224170 3904
224175 3904
224180 3904
224185 3904
224190 3904
224195 3904
224205 3904
224211 3904
224221 3904
224231 3904
224358 3904
261337 3904
261348 3904
303614 3904
303644 3904
303959 3904
303965 3904
303970 3904
303975 3904
303980 3904
303990 3904
342357 3904
346450 3904
346470 3904
382158 3904
382163 3904
382168 3904
382173 3904
382179 3904
382184 3904
382189 3904
382194 3904
382199 3904
382204 3904
382209 3904
382214 3904
382219 3904
382225 3904
382235 3904
382245 3904
386525 3904
422951 3904
422956 3904
422962 3904
422967 3904
422972 3904
422977 3904
422982 3904
422987 3904
422992 3904
422998 3904
423008 3904
423018 3904
423023 3904
423028 3904
423033 3904
423038 3904
423048 3904
423054 3904
460481 3904
460492 3904
460497 3904
460502 3904
460507 3904
460512 3904
460517 3904
486439 3904
496028 3904
496033 3904
496038 3904
496043 3904
496048 3904
496054 3904
496059 3904
496069 3904
496074 3904
496079 3904
496084 3904
496089 3904
496094 3904
496099 3904
496110 3904
496115 3904
496120 3904
496125 3904
496130 3904
