# unix_time, cycles_done, cur_path, paths_total, pending_total, pending_favs, map_size, unique_crashes, unique_hangs, max_depth, execs_per_sec
1585232663, 0, 0, 1, 1, 1, 15.53%, 0, 0, 1, 6.43
1585232730, 0, 0, 2, 2, 1, 15.87%, 0, 0, 2, 7.22
1585232736, 0, 0, 3, 3, 1, 16.21%, 0, 0, 2, 6.56
1585232788, 0, 0, 5, 5, 1, 16.57%, 0, 0, 2, 7.95
1585232793, 0, 0, 6, 6, 1, 16.92%, 0, 0, 2, 8.56
1585233061, 0, 0, 6, 6, 1, 16.92%, 0, 1, 2, 2.18
1585233179, 0, 0, 7, 7, 1, 17.25%, 0, 1, 2, 6.67
1585233185, 0, 0, 8, 8, 1, 17.60%, 0, 1, 2, 6.10
1585233190, 0, 0, 9, 9, 1, 17.95%, 0, 1, 2, 7.47
1585233200, 0, 0, 10, 10, 1, 18.28%, 0, 1, 2, 7.59
1585233215, 0, 0, 11, 11, 1, 18.62%, 0, 1, 2, 7.81
1585233251, 0, 0, 12, 12, 1, 18.62%, 0, 1, 2, 3.12
1585233267, 0, 0, 13, 13, 1, 18.62%, 0, 1, 2, 6.58
1585233272, 0, 0, 14, 14, 1, 18.62%, 0, 1, 2, 6.44
1585233318, 0, 0, 15, 15, 1, 18.62%, 0, 1, 2, 6.01
1585233772, 0, 0, 16, 16, 1, 18.62%, 0, 1, 2, 5.00
1585236506, 0, 0, 17, 17, 1, 18.62%, 0, 1, 2, 5.84
1585238659, 0, 0, 17, 17, 1, 18.62%, 1, 1, 2, 7.24
1585249551, 0, 0, 18, 18, 1, 18.62%, 1, 1, 2, 6.23
1585251086, 0, 0, 20, 20, 1, 18.62%, 1, 1, 2, 6.43
1585251091, 0, 0, 21, 21, 1, 18.62%, 1, 1, 2, 6.43
1585251096, 0, 0, 23, 23, 1, 18.62%, 1, 1, 2, 6.79
1585251101, 0, 0, 24, 24, 1, 18.62%, 1, 1, 2, 7.12
1585251106, 0, 0, 26, 26, 1, 18.62%, 1, 1, 2, 6.73
1585251111, 0, 0, 27, 27, 1, 18.62%, 1, 1, 2, 6.89
1585251126, 0, 0, 28, 28, 1, 18.62%, 1, 1, 2, 5.96
1585251142, 0, 0, 30, 30, 1, 18.62%, 1, 1, 2, 6.76
1585251162, 0, 0, 31, 31, 1, 18.62%, 1, 1, 2, 6.92
1585251172, 0, 0, 32, 32, 1, 18.62%, 1, 1, 2, 6.35
1585251209, 0, 0, 33, 33, 1, 18.62%, 1, 1, 2, 4.11
1585251214, 0, 0, 34, 34, 1, 18.62%, 1, 1, 2, 4.76
1585251224, 0, 0, 36, 36, 1, 18.64%, 1, 1, 2, 6.82
1585251234, 0, 0, 38, 38, 1, 18.64%, 1, 1, 2, 6.81
1585251255, 0, 0, 39, 39, 1, 18.64%, 1, 1, 2, 6.97
1585251353, 0, 0, 40, 40, 1, 18.64%, 1, 1, 2, 6.83
1585251425, 0, 0, 41, 41, 1, 18.64%, 1, 1, 2, 6.32
1585251652, 0, 1, 41, 40, 15, 18.64%, 1, 1, 2, 6.91
1585252210, 0, 1, 42, 41, 15, 18.64%, 1, 1, 3, 6.48
1585253696, 0, 1, 43, 42, 15, 18.64%, 1, 1, 3, 5.95
1585257243, 0, 1, 43, 42, 15, 18.64%, 2, 1, 3, 3.18
1585269999, 0, 4, 43, 41, 14, 18.64%, 2, 1, 3, 6.13
1585272181, 0, 4, 43, 41, 14, 18.64%, 3, 1, 3, 6.81
1585274461, 0, 4, 43, 41, 14, 18.64%, 4, 1, 3, 6.04
1585281574, 0, 5, 43, 40, 13, 18.64%, 4, 1, 3, 6.49
1585283502, 0, 5, 44, 41, 13, 18.64%, 4, 1, 3, 4.61
1585287583, 0, 5, 44, 41, 13, 18.64%, 5, 1, 3, 5.53
1585298566, 0, 6, 44, 40, 12, 18.64%, 5, 1, 3, 6.29
1585304157, 0, 6, 44, 40, 12, 18.64%, 6, 1, 3, 5.19
1585312890, 0, 8, 44, 39, 11, 18.64%, 6, 1, 3, 7.71
1585313789, 0, 8, 45, 40, 11, 18.64%, 6, 1, 3, 8.02
1585316379, 0, 8, 45, 40, 11, 18.64%, 7, 1, 3, 4.32
1585321760, 0, 8, 46, 41, 11, 18.64%, 7, 1, 3, 7.40
1585321781, 0, 19, 46, 40, 11, 18.64%, 7, 1, 3, 7.34
1585322860, 0, 19, 46, 40, 11, 18.64%, 8, 1, 3, 6.29
1585325750, 0, 22, 46, 39, 9, 18.64%, 8, 1, 3, 7.66
1585330979, 0, 24, 46, 38, 8, 18.64%, 8, 1, 3, 7.38
1585331580, 0, 24, 47, 39, 8, 18.64%, 8, 1, 3, 5.91
1585335721, 0, 24, 48, 40, 8, 38.57%, 8, 1, 3, 4.61
1585343959, 0, 25, 48, 39, 9, 38.57%, 8, 1, 3, 4.59
1585350970, 0, 29, 48, 38, 8, 38.57%, 8, 1, 3, 7.86
1585351503, 0, 29, 49, 39, 8, 38.57%, 8, 1, 3, 4.89
1585359923, 0, 34, 49, 38, 8, 38.57%, 8, 1, 3, 4.94
1585365056, 0, 35, 49, 37, 7, 38.57%, 8, 1, 3, 8.28
1585365144, 0, 38, 49, 36, 6, 38.57%, 8, 1, 3, 7.83
1585365201, 0, 38, 50, 37, 6, 38.57%, 8, 1, 3, 6.94
1585365252, 0, 38, 51, 38, 6, 38.57%, 8, 1, 3, 4.20
1585365655, 0, 38, 52, 39, 6, 38.57%, 8, 1, 3, 4.41
1585374409, 0, 38, 53, 40, 6, 38.57%, 8, 1, 3, 4.76
1585374425, 0, 40, 53, 39, 6, 38.57%, 8, 1, 3, 6.09
1585374497, 0, 40, 54, 40, 6, 38.57%, 8, 1, 3, 6.32
1585374956, 0, 40, 55, 41, 6, 38.57%, 8, 1, 3, 6.62
1585385445, 0, 40, 56, 42, 6, 38.57%, 8, 1, 3, 5.21
1585385471, 0, 44, 56, 41, 5, 38.57%, 8, 1, 3, 6.89
1585385549, 0, 44, 57, 42, 5, 38.57%, 8, 1, 4, 7.43
1585389275, 0, 44, 57, 42, 5, 38.57%, 9, 1, 4, 6.32
1585394258, 0, 45, 57, 41, 4, 38.57%, 9, 1, 4, 7.45
1585394361, 0, 45, 58, 42, 4, 38.57%, 9, 1, 4, 7.20
1585394733, 0, 45, 59, 43, 4, 38.57%, 9, 1, 4, 7.18
1585394738, 0, 45, 60, 44, 4, 38.57%, 9, 1, 4, 7.12
1585394748, 0, 45, 61, 45, 4, 38.57%, 9, 1, 4, 6.42
1585404041, 0, 47, 61, 44, 3, 38.57%, 9, 1, 4, 6.71
1585404097, 0, 47, 62, 45, 3, 38.58%, 9, 1, 4, 5.67
1585404108, 0, 47, 63, 46, 3, 38.58%, 9, 1, 4, 4.78
1585404118, 0, 47, 64, 47, 3, 38.58%, 9, 1, 4, 5.33
1585404171, 0, 47, 65, 48, 3, 38.58%, 9, 1, 4, 4.78
1585404176, 0, 47, 66, 49, 3, 38.58%, 9, 1, 4, 4.92
1585404181, 0, 47, 67, 50, 3, 38.58%, 9, 1, 4, 5.35
1585404605, 0, 47, 68, 51, 3, 38.58%, 9, 1, 4, 5.22
1585404610, 0, 47, 69, 52, 3, 38.58%, 9, 1, 4, 5.54
1585404615, 0, 47, 70, 53, 3, 38.58%, 9, 1, 4, 5.37
1585404636, 0, 47, 71, 54, 3, 38.58%, 9, 1, 4, 4.41
1585404657, 0, 47, 72, 55, 3, 38.58%, 9, 1, 4, 5.97
1585404693, 0, 47, 74, 57, 3, 38.96%, 9, 1, 4, 6.64
1585404698, 0, 47, 75, 58, 3, 39.35%, 9, 1, 4, 6.47
1585404749, 0, 47, 76, 59, 3, 39.69%, 9, 1, 4, 3.34
1585404760, 0, 47, 77, 60, 3, 40.06%, 9, 1, 4, 5.44
1585404816, 0, 47, 78, 61, 3, 40.14%, 9, 1, 4, 6.02
1585405209, 0, 47, 79, 62, 3, 40.28%, 9, 1, 4, 5.75
1585405215, 0, 47, 80, 63, 3, 40.65%, 9, 1, 4, 5.76
1585405220, 0, 47, 81, 64, 3, 41.08%, 9, 1, 4, 6.02
1585405236, 0, 47, 82, 65, 3, 41.46%, 9, 1, 4, 5.33
1585405267, 0, 47, 83, 66, 3, 41.81%, 9, 1, 4, 5.00
1585405954, 0, 47, 84, 67, 3, 41.97%, 9, 1, 4, 5.67
1585408003, 0, 47, 85, 68, 3, 42.08%, 9, 1, 4, 5.54
1585431028, 0, 47, 86, 69, 3, 42.08%, 11, 1, 4, 5.29
1585431033, 0, 47, 89, 72, 3, 42.08%, 11, 1, 4, 6.07
1585431038, 0, 47, 91, 74, 3, 42.08%, 11, 1, 4, 6.46
1585437027, 0, 47, 92, 75, 3, 42.08%, 11, 1, 4, 6.04
1585437032, 0, 47, 93, 76, 3, 42.08%, 11, 1, 4, 5.28
1585437136, 0, 47, 94, 77, 3, 42.08%, 11, 1, 4, 5.92
1585437152, 0, 47, 95, 78, 3, 42.08%, 11, 1, 4, 4.71
1585438063, 0, 47, 96, 79, 3, 42.08%, 11, 1, 4, 5.92
1585438078, 0, 47, 97, 80, 3, 42.08%, 11, 1, 4, 5.64
1585438109, 0, 47, 98, 81, 3, 42.08%, 11, 1, 4, 6.02
1585438155, 0, 47, 99, 82, 3, 42.08%, 11, 1, 4, 5.31
1585438244, 0, 47, 99, 82, 3, 42.08%, 12, 1, 4, 5.90
1585438249, 0, 47, 100, 83, 3, 42.08%, 12, 1, 4, 6.09
1585438254, 0, 47, 101, 84, 3, 42.08%, 12, 1, 4, 6.30
1585438275, 0, 47, 101, 84, 3, 42.08%, 13, 1, 4, 6.56
1585438280, 0, 47, 102, 85, 3, 42.08%, 13, 1, 4, 7.08
1585438295, 0, 47, 103, 86, 3, 42.08%, 13, 1, 4, 7.18
1585438316, 0, 47, 104, 87, 3, 42.08%, 13, 1, 4, 7.23
1585438331, 0, 47, 104, 87, 3, 42.08%, 14, 1, 4, 6.13
1585438357, 0, 47, 105, 88, 3, 42.08%, 14, 1, 4, 5.08
1585438398, 0, 47, 106, 89, 3, 42.08%, 14, 1, 4, 4.96
1585438408, 0, 47, 106, 89, 3, 42.08%, 15, 1, 4, 6.10
1585438444, 0, 47, 107, 90, 3, 42.08%, 15, 1, 4, 6.91
1585438449, 0, 47, 108, 91, 3, 42.08%, 15, 1, 4, 7.06
1585438486, 0, 47, 108, 91, 3, 42.08%, 16, 1, 4, 5.79
1585438496, 0, 47, 109, 92, 3, 42.08%, 16, 1, 4, 6.05
1585438506, 0, 47, 110, 93, 3, 42.08%, 16, 1, 4, 6.49
1585438527, 0, 47, 110, 93, 3, 42.08%, 17, 1, 4, 6.79
1585438532, 0, 47, 111, 94, 3, 42.08%, 17, 1, 4, 6.60
1585438615, 0, 47, 112, 95, 3, 42.08%, 17, 1, 4, 5.58
1585438790, 0, 47, 113, 96, 3, 42.09%, 17, 1, 4, 4.28
1585438795, 0, 54, 113, 95, 12, 42.09%, 17, 1, 4, 4.16
1585450206, 0, 72, 113, 94, 11, 42.09%, 17, 1, 4, 6.85
1585450830, 0, 72, 114, 95, 11, 42.09%, 17, 1, 5, 4.84
1585450850, 0, 72, 115, 96, 11, 42.09%, 17, 1, 5, 5.63
1585450964, 0, 72, 116, 97, 11, 42.09%, 17, 1, 5, 5.06
1585450969, 0, 72, 117, 98, 11, 42.09%, 17, 1, 5, 4.66
1585451021, 0, 72, 118, 99, 11, 42.09%, 17, 1, 5, 5.15
1585451419, 0, 72, 119, 100, 11, 42.09%, 17, 1, 5, 4.05
1585451429, 0, 72, 120, 101, 11, 42.09%, 17, 1, 5, 3.48
1585451444, 0, 72, 121, 102, 11, 42.09%, 17, 1, 5, 5.81
1585451471, 0, 72, 122, 103, 11, 42.09%, 17, 1, 5, 3.84
1585452151, 0, 72, 123, 104, 11, 42.09%, 17, 1, 5, 5.43
1585455907, 0, 72, 124, 105, 11, 42.10%, 17, 1, 5, 5.45
1585457369, 0, 72, 125, 106, 11, 42.10%, 17, 1, 5, 5.68
1585462926, 0, 72, 125, 106, 11, 42.10%, 19, 1, 5, 5.94
1585466311, 0, 72, 125, 106, 11, 42.10%, 20, 1, 5, 4.43
1585466347, 0, 76, 125, 105, 11, 42.10%, 20, 1, 5, 6.87
1585466404, 0, 76, 126, 106, 11, 42.10%, 20, 1, 5, 6.44
1585466461, 0, 76, 127, 107, 11, 42.10%, 20, 1, 5, 4.43
1585466472, 0, 76, 128, 108, 11, 42.10%, 20, 1, 5, 5.06
1585466943, 0, 76, 129, 109, 11, 42.10%, 20, 1, 5, 5.30
1585466963, 0, 76, 130, 110, 11, 42.10%, 20, 1, 5, 5.26
1585466989, 0, 76, 131, 111, 11, 42.10%, 20, 1, 5, 4.89
1585467025, 0, 76, 132, 112, 11, 42.10%, 20, 1, 5, 4.82
1585467134, 0, 76, 133, 113, 11, 42.10%, 20, 1, 5, 4.53
1585467532, 0, 76, 134, 114, 11, 42.10%, 20, 1, 5, 6.28
1585467543, 0, 76, 135, 115, 11, 42.10%, 20, 1, 5, 5.03
1585467579, 0, 76, 136, 116, 11, 42.10%, 20, 1, 5, 6.32
1585468231, 0, 76, 137, 117, 11, 42.10%, 20, 1, 5, 4.95
1585470357, 0, 76, 138, 118, 11, 42.10%, 20, 1, 5, 5.99
1585494199, 0, 76, 138, 118, 11, 42.10%, 22, 1, 5, 5.96
1585501601, 0, 76, 139, 119, 11, 42.10%, 22, 1, 5, 5.50
1585501606, 0, 76, 140, 120, 11, 42.10%, 22, 1, 5, 5.57
1585503946, 0, 76, 141, 121, 11, 42.10%, 22, 1, 5, 4.47
1585503992, 0, 76, 142, 122, 11, 42.10%, 22, 1, 5, 6.24
1585503997, 0, 76, 143, 123, 11, 42.10%, 22, 1, 5, 6.19
1585504012, 0, 76, 144, 124, 11, 42.10%, 22, 1, 5, 5.90
1585504111, 0, 76, 145, 125, 11, 42.10%, 22, 1, 5, 6.95
1585504136, 0, 76, 146, 126, 11, 42.10%, 22, 1, 5, 6.04
1585504141, 0, 76, 147, 127, 11, 42.10%, 22, 1, 5, 6.22
1585504259, 0, 76, 148, 128, 11, 42.10%, 22, 1, 5, 5.92
1585504269, 0, 76, 148, 128, 11, 42.10%, 23, 1, 5, 5.72
1585504316, 0, 77, 148, 127, 8, 42.10%, 23, 1, 5, 7.46
1585504825, 0, 77, 149, 128, 8, 42.10%, 23, 1, 5, 5.99
1585504908, 0, 77, 150, 129, 8, 42.10%, 23, 1, 5, 6.24
1585505361, 0, 77, 151, 130, 8, 42.10%, 23, 1, 5, 6.58
1585507982, 0, 77, 152, 131, 8, 42.10%, 23, 1, 5, 5.76
1585540870, 0, 77, 153, 132, 8, 42.10%, 23, 1, 5, 5.38
1585540917, 0, 77, 154, 133, 8, 42.10%, 23, 1, 5, 6.80
1585540963, 0, 77, 155, 134, 8, 42.10%, 23, 1, 5, 5.94
1585541004, 0, 77, 156, 135, 8, 42.10%, 23, 1, 5, 5.27
1585541055, 0, 77, 157, 136, 8, 42.10%, 23, 1, 5, 5.83
1585541107, 0, 77, 158, 137, 8, 42.10%, 23, 1, 5, 5.18
1585541144, 0, 77, 158, 137, 8, 42.10%, 24, 1, 5, 6.63
1585541170, 0, 77, 158, 137, 8, 42.10%, 25, 1, 5, 6.65
1585541257, 0, 77, 159, 138, 8, 42.10%, 25, 1, 5, 5.63
1585541422, 0, 77, 160, 139, 8, 42.10%, 25, 1, 5, 6.19
1585541433, 0, 88, 160, 138, 8, 42.10%, 25, 1, 5, 6.16
1585554802, 0, 97, 160, 137, 7, 42.10%, 25, 1, 5, 5.66
1585554925, 0, 97, 161, 138, 7, 42.10%, 25, 1, 5, 5.10
1585554935, 0, 97, 162, 139, 7, 42.10%, 25, 1, 5, 6.10
1585555349, 0, 97, 163, 140, 7, 42.10%, 25, 1, 5, 6.18
1585555359, 0, 97, 164, 141, 7, 42.10%, 25, 1, 5, 4.85
1585555396, 0, 97, 165, 142, 7, 42.10%, 25, 1, 5, 4.74
1585555437, 0, 97, 166, 143, 7, 42.10%, 25, 1, 5, 5.85
1585555442, 0, 97, 167, 144, 7, 42.10%, 25, 1, 5, 6.19
1585566289, 0, 97, 167, 144, 7, 42.10%, 26, 1, 5, 5.87
1585571842, 0, 101, 167, 143, 6, 42.10%, 26, 1, 5, 5.08
1585576916, 0, 101, 168, 144, 6, 42.10%, 26, 1, 5, 6.37
1585590749, 0, 102, 168, 143, 5, 42.10%, 26, 1, 5, 6.11
1585590884, 0, 102, 169, 144, 5, 42.10%, 26, 1, 5, 4.56
1585591339, 0, 102, 170, 145, 5, 42.10%, 26, 1, 5, 5.46
1585591350, 0, 102, 171, 146, 5, 42.10%, 26, 1, 5, 5.25
1585591391, 0, 102, 172, 147, 5, 42.10%, 26, 1, 5, 5.09
1585591494, 0, 102, 173, 148, 5, 42.10%, 26, 1, 5, 5.28
1585592581, 0, 102, 174, 149, 5, 42.10%, 26, 1, 5, 4.48
1585592707, 0, 102, 175, 150, 5, 42.10%, 26, 1, 5, 5.74
1585594659, 0, 102, 176, 151, 5, 42.10%, 26, 1, 5, 5.41
1585608617, 0, 125, 176, 150, 4, 42.10%, 26, 1, 5, 6.76
1585647998, 0, 145, 176, 149, 3, 42.10%, 26, 1, 5, 6.45
1585648123, 0, 145, 177, 150, 3, 42.10%, 26, 1, 6, 5.28
1585648133, 0, 145, 178, 151, 3, 42.10%, 26, 1, 6, 4.27
1585648598, 0, 145, 179, 152, 3, 42.10%, 26, 1, 6, 5.30
1585648609, 0, 145, 180, 153, 3, 42.10%, 26, 1, 6, 5.67
1585648619, 0, 145, 181, 154, 3, 42.10%, 26, 1, 6, 5.85
1585648645, 0, 145, 182, 155, 3, 42.10%, 26, 1, 6, 4.78
1585648743, 0, 145, 183, 156, 3, 42.10%, 26, 1, 6, 5.27
1585648748, 0, 145, 184, 157, 3, 42.10%, 26, 1, 6, 5.75
1585659013, 0, 145, 184, 157, 3, 42.10%, 28, 1, 6, 5.46
1585662636, 0, 145, 185, 158, 3, 42.10%, 28, 1, 6, 5.79
1585663955, 0, 145, 186, 159, 3, 42.10%, 28, 1, 6, 5.46
1585664012, 0, 150, 186, 158, 4, 42.10%, 28, 1, 6, 4.59
1585679442, 0, 155, 186, 157, 3, 42.10%, 28, 1, 6, 8.39
1585679534, 0, 155, 187, 158, 3, 42.10%, 28, 1, 6, 5.20
1585679921, 0, 155, 188, 159, 3, 42.10%, 28, 1, 6, 7.80
1585682875, 0, 155, 189, 160, 3, 42.10%, 28, 1, 6, 6.85
1585690604, 0, 155, 190, 161, 3, 42.10%, 28, 1, 6, 8.30
1585690640, 0, 167, 190, 160, 4, 42.10%, 28, 1, 6, 8.38
1585690749, 0, 167, 191, 161, 4, 42.10%, 28, 1, 6, 5.89
1585691104, 0, 167, 192, 162, 4, 42.10%, 28, 1, 6, 6.89
1585691109, 0, 167, 193, 163, 4, 42.10%, 28, 1, 6, 6.73
1585691595, 0, 167, 194, 164, 4, 42.10%, 28, 1, 6, 6.98
1585692226, 0, 167, 194, 164, 4, 42.10%, 29, 1, 6, 6.97
1585693949, 0, 167, 195, 165, 4, 42.10%, 29, 1, 6, 5.30
1585693960, 0, 167, 196, 166, 4, 42.10%, 29, 1, 6, 5.72
1585711991, 0, 167, 197, 167, 4, 42.17%, 29, 1, 6, 6.41
1585722618, 0, 167, 198, 168, 4, 42.17%, 29, 1, 6, 6.77
1585722732, 0, 167, 199, 169, 4, 42.17%, 29, 1, 6, 6.61
1585723081, 0, 168, 199, 168, 4, 42.17%, 29, 1, 6, 8.26
1585733268, 0, 177, 199, 167, 4, 42.17%, 29, 1, 6, 8.58
1585741393, 0, 177, 199, 167, 4, 42.17%, 30, 1, 6, 7.25
1585745073, 0, 184, 199, 166, 4, 42.17%, 30, 1, 6, 7.37
1585756549, 0, 188, 199, 165, 3, 42.17%, 30, 1, 6, 8.85
1585757067, 0, 188, 200, 166, 3, 42.17%, 30, 1, 7, 7.10
1585757451, 0, 188, 201, 167, 3, 42.17%, 30, 1, 7, 7.30
1585763587, 0, 188, 201, 167, 3, 42.17%, 31, 1, 7, 6.33
1585766747, 0, 189, 201, 166, 3, 42.17%, 31, 1, 7, 7.04
1585767247, 0, 189, 202, 167, 3, 42.17%, 31, 1, 7, 5.99
1585774490, 0, 189, 202, 167, 3, 42.17%, 32, 1, 7, 6.11
1585778160, 0, 189, 202, 167, 3, 42.17%, 33, 1, 7, 6.24
1585778165, 0, 189, 203, 168, 3, 42.17%, 33, 1, 7, 6.33
1585778180, 0, 189, 203, 168, 3, 42.17%, 34, 1, 7, 6.27
1585778222, 0, 196, 203, 167, 2, 42.17%, 34, 1, 7, 7.82
1585778784, 0, 196, 204, 168, 2, 42.17%, 34, 1, 7, 5.50
1585778857, 0, 196, 205, 169, 2, 42.17%, 34, 1, 7, 6.88
1585780054, 0, 196, 205, 169, 2, 42.17%, 35, 1, 7, 4.90
1585781955, 0, 196, 206, 170, 2, 42.17%, 35, 1, 7, 6.34
1585812993, 0, 200, 206, 169, 2, 42.17%, 35, 1, 7, 8.02
1585819231, 0, 200, 206, 169, 2, 42.17%, 36, 1, 7, 5.99
1585821731, 0, 200, 206, 169, 2, 42.17%, 37, 1, 7, 8.48
1585821751, 0, 205, 206, 168, 1, 42.17%, 37, 1, 7, 7.81
1585821824, 0, 205, 207, 169, 1, 42.17%, 37, 1, 8, 5.09
1585821834, 0, 205, 208, 170, 1, 42.17%, 37, 1, 8, 4.25
1585821839, 0, 205, 209, 171, 1, 42.17%, 37, 1, 8, 4.73
1585821844, 0, 205, 210, 172, 1, 42.17%, 37, 1, 8, 5.03
1585821891, 0, 205, 211, 173, 1, 42.17%, 37, 1, 8, 5.12
1585821896, 0, 205, 212, 174, 1, 42.17%, 37, 1, 8, 5.28
1585821949, 0, 205, 213, 175, 1, 42.17%, 37, 1, 8, 4.98
1585822341, 0, 205, 214, 176, 1, 42.17%, 37, 1, 8, 4.25
1585822351, 0, 205, 215, 177, 1, 42.17%, 37, 1, 8, 4.40
1585822356, 0, 205, 216, 178, 1, 42.17%, 37, 1, 8, 4.98
1585822372, 0, 205, 217, 179, 1, 42.17%, 37, 1, 8, 5.39
1585822398, 0, 205, 218, 180, 1, 42.17%, 37, 1, 8, 6.02
1585822429, 0, 205, 220, 182, 1, 42.17%, 37, 1, 8, 5.89
1585822439, 0, 205, 221, 183, 1, 42.17%, 37, 1, 8, 4.99
1585822496, 0, 205, 222, 184, 1, 42.17%, 37, 1, 8, 4.95
1585822511, 0, 205, 223, 185, 1, 42.17%, 37, 1, 8, 5.21
1585822547, 0, 205, 224, 186, 1, 42.17%, 37, 1, 8, 5.27
1585822945, 0, 205, 225, 187, 1, 42.17%, 37, 1, 8, 4.98
1585822951, 0, 205, 226, 188, 1, 42.17%, 37, 1, 8, 4.78
1585822966, 0, 205, 227, 189, 1, 42.17%, 37, 1, 8, 5.05
1585823691, 0, 205, 228, 190, 1, 42.17%, 37, 1, 8, 6.01
1585823701, 0, 205, 229, 191, 1, 42.17%, 37, 1, 8, 6.05
1585825278, 0, 205, 230, 192, 1, 42.17%, 37, 1, 8, 6.01
