# unix_time, cycles_done, cur_path, paths_total, pending_total, pending_favs, map_size, unique_crashes, unique_hangs, max_depth, execs_per_sec
1585233041, 0, 0, 1, 1, 1, 14.54%, 0, 0, 1, 235.29
1585233046, 0, 0, 6, 6, 1, 15.50%, 0, 0, 2, 321.79
1585233051, 0, 0, 11, 11, 1, 16.65%, 0, 0, 2, 312.29
1585233056, 0, 0, 13, 13, 1, 16.65%, 0, 0, 2, 343.60
1585233102, 0, 0, 14, 14, 1, 16.65%, 0, 0, 2, 274.79
1585233112, 0, 0, 14, 14, 1, 16.65%, 1, 0, 2, 273.60
1585233214, 0, 0, 15, 15, 1, 16.65%, 1, 0, 2, 249.98
1585233235, 0, 0, 29, 29, 1, 16.65%, 1, 0, 2, 166.25
1585233240, 0, 0, 33, 33, 1, 16.65%, 1, 0, 2, 151.48
1585233245, 0, 0, 34, 34, 1, 16.65%, 2, 0, 2, 156.81
1585233250, 0, 0, 35, 35, 1, 16.65%, 2, 0, 2, 168.20
1585233255, 0, 0, 37, 37, 1, 16.65%, 3, 0, 2, 176.97
1585233265, 0, 0, 38, 38, 1, 16.65%, 3, 0, 2, 172.85
1585233285, 0, 0, 39, 39, 1, 16.65%, 3, 0, 2, 172.31
1585233295, 0, 0, 41, 41, 1, 16.65%, 3, 0, 2, 168.63
1585233300, 0, 0, 42, 42, 1, 16.65%, 3, 0, 2, 166.49
1585233306, 0, 0, 43, 43, 1, 16.65%, 3, 0, 2, 165.39
1585233311, 0, 0, 44, 44, 1, 16.65%, 3, 0, 2, 155.85
1585233326, 0, 0, 45, 45, 1, 16.65%, 3, 0, 2, 178.54
1585233336, 0, 0, 45, 45, 1, 16.65%, 4, 0, 2, 182.94
1585233392, 0, 0, 46, 46, 1, 16.65%, 4, 0, 2, 164.36
1585233428, 0, 1, 46, 45, 18, 16.65%, 4, 0, 2, 108.70
1585233757, 0, 1, 46, 45, 18, 16.65%, 5, 0, 2, 70.40
1585234105, 0, 2, 46, 44, 17, 16.65%, 5, 0, 2, 72.13
1585234439, 0, 2, 46, 44, 17, 16.65%, 6, 0, 2, 67.26
1585234793, 0, 3, 46, 43, 16, 16.65%, 6, 0, 2, 80.23
1585235132, 0, 3, 46, 43, 16, 16.65%, 7, 0, 2, 64.91
1585235523, 0, 5, 46, 42, 15, 16.65%, 7, 0, 2, 80.22
1585235855, 0, 5, 46, 42, 15, 16.65%, 8, 0, 2, 68.61
1585236199, 0, 5, 47, 43, 15, 16.65%, 8, 0, 3, 81.81
1585236215, 0, 6, 47, 42, 14, 16.65%, 8, 0, 3, 105.64
1585236537, 0, 6, 47, 42, 14, 16.65%, 9, 0, 3, 68.19
1585236881, 0, 7, 47, 41, 13, 16.65%, 9, 0, 3, 103.83
1585237215, 0, 7, 47, 41, 13, 16.65%, 10, 0, 3, 69.14
1585237594, 0, 9, 47, 40, 12, 16.65%, 10, 0, 3, 114.44
1585237919, 0, 9, 47, 40, 12, 16.65%, 11, 0, 3, 67.75
1585238258, 0, 9, 48, 41, 12, 16.65%, 11, 0, 3, 101.32
1585238273, 0, 10, 48, 40, 11, 16.65%, 11, 0, 3, 105.81
1585238607, 0, 10, 48, 40, 11, 16.65%, 12, 0, 3, 71.80
1585238961, 0, 13, 48, 39, 10, 16.65%, 12, 0, 3, 294.36
1585239027, 0, 13, 48, 39, 10, 16.65%, 13, 0, 3, 290.98
1585239165, 0, 15, 48, 38, 9, 16.65%, 13, 0, 3, 194.77
1585239469, 0, 17, 48, 37, 8, 16.65%, 13, 0, 3, 321.71
1585239581, 0, 18, 48, 36, 7, 16.65%, 13, 0, 3, 175.73
1585239894, 0, 18, 49, 37, 7, 34.71%, 13, 0, 3, 129.02
1585239904, 0, 20, 49, 36, 7, 34.71%, 13, 0, 3, 188.16
1585240217, 0, 21, 49, 35, 6, 34.71%, 13, 0, 3, 171.57
1585240222, 0, 22, 49, 34, 5, 34.71%, 13, 0, 3, 254.59
1585240530, 0, 24, 49, 33, 4, 34.71%, 13, 0, 3, 106.93
1585240859, 0, 25, 49, 32, 3, 34.71%, 13, 0, 3, 95.11
1585241287, 0, 36, 49, 31, 2, 34.71%, 13, 0, 3, 118.09
1585241995, 0, 48, 52, 33, 1, 34.88%, 13, 0, 4, 218.56
1585242005, 0, 48, 53, 34, 1, 34.88%, 13, 0, 4, 264.34
1585242036, 0, 48, 54, 35, 1, 35.16%, 13, 0, 4, 260.47
1585242041, 0, 48, 55, 36, 1, 35.45%, 13, 0, 4, 227.40
1585242066, 0, 48, 56, 37, 1, 35.70%, 13, 0, 4, 54.67
1585242087, 0, 48, 57, 38, 1, 35.97%, 13, 0, 4, 144.01
1585242102, 0, 48, 58, 39, 1, 36.24%, 13, 0, 4, 45.94
1585242107, 0, 48, 59, 40, 1, 36.52%, 13, 0, 4, 45.92
1585242112, 0, 48, 63, 44, 1, 36.80%, 14, 0, 4, 244.82
1585242118, 0, 48, 64, 45, 1, 37.04%, 14, 0, 4, 219.33
1585242123, 0, 48, 66, 47, 1, 37.04%, 14, 0, 4, 159.24
1585242138, 0, 48, 68, 49, 1, 37.04%, 16, 0, 4, 183.06
1585242143, 0, 48, 68, 49, 1, 37.04%, 19, 0, 4, 170.01
1585242148, 0, 48, 69, 50, 1, 37.04%, 22, 0, 4, 183.75
1585242153, 0, 48, 70, 51, 1, 37.04%, 22, 0, 4, 181.06
1585242169, 0, 48, 70, 51, 1, 37.04%, 23, 0, 4, 182.41
1585242174, 0, 48, 70, 51, 1, 37.04%, 24, 0, 4, 189.48
1585242179, 0, 48, 70, 51, 1, 37.04%, 26, 0, 4, 191.12
1585242189, 0, 48, 70, 51, 1, 37.04%, 27, 0, 4, 184.52
1585242199, 0, 48, 71, 52, 1, 37.04%, 27, 0, 4, 187.28
1585242204, 0, 48, 71, 52, 1, 37.04%, 28, 0, 4, 188.43
1585242209, 0, 48, 71, 52, 1, 37.04%, 30, 0, 4, 186.89
1585242260, 0, 48, 72, 53, 1, 37.04%, 31, 0, 4, 182.81
1585242271, 0, 49, 72, 52, 11, 37.04%, 31, 0, 4, 266.72
1585242419, 0, 49, 73, 53, 11, 37.04%, 31, 0, 5, 183.36
1585242465, 0, 49, 73, 53, 11, 37.04%, 32, 0, 5, 186.51
1585242475, 0, 49, 74, 54, 11, 37.95%, 32, 0, 5, 183.14
1585242505, 0, 53, 74, 53, 11, 37.95%, 32, 0, 5, 110.50
1585242510, 0, 54, 74, 52, 10, 37.95%, 32, 0, 5, 96.61
1585242526, 0, 55, 74, 51, 9, 37.95%, 32, 0, 5, 51.76
1585242608, 0, 56, 74, 50, 8, 37.95%, 32, 0, 5, 47.46
1585242649, 0, 57, 74, 49, 7, 37.95%, 32, 0, 5, 46.01
1585242654, 0, 58, 74, 48, 6, 37.95%, 32, 0, 5, 48.32
1585242675, 0, 63, 74, 47, 5, 37.95%, 32, 0, 5, 51.58
1585242876, 0, 69, 74, 46, 4, 37.95%, 32, 0, 5, 67.99
1585242886, 0, 69, 75, 47, 4, 37.99%, 32, 0, 5, 68.88
1585243163, 0, 70, 75, 46, 4, 37.99%, 32, 0, 5, 317.03
1585243199, 0, 70, 76, 47, 4, 38.02%, 32, 0, 5, 243.93
1585243209, 0, 70, 77, 48, 4, 38.02%, 32, 0, 5, 211.18
1585243296, 0, 70, 77, 48, 4, 38.02%, 33, 0, 5, 191.63
1585243301, 0, 70, 77, 48, 4, 38.02%, 34, 0, 5, 163.02
1585243317, 0, 70, 78, 49, 4, 38.02%, 34, 0, 5, 170.32
1585243373, 0, 70, 79, 50, 4, 38.02%, 34, 0, 5, 173.21
1585243403, 0, 72, 79, 49, 6, 38.02%, 34, 0, 5, 162.16
1585243567, 0, 73, 80, 49, 5, 38.06%, 34, 0, 6, 282.90
1585243603, 0, 73, 82, 51, 5, 38.06%, 34, 0, 6, 223.12
1585243619, 0, 73, 83, 52, 5, 38.06%, 34, 0, 6, 245.16
1585243624, 0, 73, 84, 53, 5, 38.06%, 34, 0, 6, 257.58
1585243629, 0, 73, 85, 54, 5, 38.06%, 34, 0, 6, 45.64
1585243644, 0, 73, 86, 55, 5, 38.06%, 34, 0, 6, 99.25
1585243690, 0, 73, 87, 56, 5, 38.06%, 34, 0, 6, 196.64
1585243741, 0, 74, 87, 55, 9, 38.06%, 34, 0, 6, 137.00
1585244008, 0, 75, 88, 55, 8, 38.11%, 34, 0, 6, 171.42
1585244201, 0, 75, 88, 55, 8, 38.11%, 35, 0, 6, 106.72
1585244258, 0, 75, 88, 55, 8, 38.11%, 37, 0, 6, 137.48
1585244273, 0, 77, 88, 54, 8, 38.11%, 37, 0, 6, 195.58
1585244359, 0, 78, 88, 53, 7, 38.11%, 37, 0, 6, 344.52
1585244457, 0, 78, 89, 54, 7, 38.11%, 38, 0, 6, 240.65
1585244467, 0, 78, 90, 55, 7, 38.11%, 38, 0, 6, 175.99
1585244523, 0, 78, 90, 55, 7, 38.11%, 39, 0, 6, 148.52
1585244528, 0, 79, 90, 54, 6, 38.11%, 39, 0, 6, 131.53
1585244803, 0, 80, 90, 53, 5, 38.11%, 39, 0, 6, 106.80
1585244833, 0, 82, 90, 52, 4, 38.11%, 39, 0, 6, 52.67
1585244844, 0, 83, 90, 51, 3, 38.11%, 39, 0, 6, 46.51
1585244859, 0, 87, 90, 50, 2, 38.11%, 39, 0, 6, 46.28
1585245079, 0, 89, 90, 49, 1, 38.11%, 39, 0, 6, 46.55
1585245115, 1, 1, 90, 48, 0, 38.11%, 39, 0, 6, 57.17
1585245120, 1, 2, 90, 48, 0, 38.11%, 39, 0, 6, 74.11
1585245126, 1, 4, 90, 48, 0, 38.11%, 39, 0, 6, 217.91
1585245324, 1, 4, 92, 50, 0, 38.11%, 39, 0, 6, 180.62
1585245365, 1, 5, 92, 49, 0, 38.11%, 39, 0, 6, 180.28
1585245370, 1, 7, 92, 49, 0, 38.11%, 39, 0, 6, 125.61
1585245376, 1, 10, 92, 49, 0, 38.11%, 39, 0, 6, 118.24
1585245381, 1, 11, 92, 49, 0, 38.11%, 39, 0, 6, 293.02
1585245589, 1, 13, 94, 50, 0, 38.11%, 39, 0, 6, 182.54
1585245599, 1, 13, 95, 51, 0, 38.11%, 39, 0, 6, 199.43
1585245620, 1, 22, 95, 51, 0, 38.11%, 39, 0, 6, 217.47
1585245625, 1, 37, 95, 51, 0, 38.11%, 39, 0, 6, 123.50
1585245670, 1, 37, 96, 52, 0, 38.11%, 39, 0, 6, 70.59
1585246322, 1, 43, 96, 51, 0, 38.11%, 39, 0, 6, 60.13
1585247409, 1, 44, 96, 50, 0, 38.11%, 39, 0, 6, 57.10
1585247537, 1, 44, 97, 51, 0, 38.11%, 39, 0, 6, 49.55
1585248372, 1, 49, 97, 50, 0, 38.11%, 39, 0, 6, 125.69
1585248382, 1, 51, 97, 50, 0, 38.11%, 39, 0, 6, 166.29
1585248546, 1, 51, 98, 51, 0, 38.11%, 39, 0, 6, 165.89
1585248582, 1, 51, 99, 52, 0, 38.11%, 39, 0, 6, 154.36
1585248643, 1, 54, 100, 52, 0, 38.11%, 39, 0, 6, 145.00
1585248653, 1, 57, 100, 52, 0, 38.11%, 39, 0, 6, 105.92
1585248658, 1, 62, 100, 52, 0, 38.11%, 39, 0, 6, 75.83
1585248715, 1, 63, 100, 51, 0, 38.11%, 39, 0, 6, 75.29
1585248720, 1, 67, 100, 51, 0, 38.11%, 39, 0, 6, 189.97
1585248823, 1, 69, 101, 51, 0, 38.11%, 39, 0, 6, 97.69
1585248833, 1, 72, 101, 51, 0, 38.11%, 39, 0, 6, 112.77
1585248838, 1, 73, 101, 51, 0, 38.11%, 39, 0, 6, 117.48
1585248853, 1, 74, 101, 51, 0, 38.11%, 39, 0, 6, 151.45
1585248858, 1, 75, 101, 51, 0, 38.11%, 39, 0, 6, 128.01
1585248868, 1, 76, 101, 51, 0, 38.11%, 39, 0, 6, 84.55
1585248981, 1, 77, 101, 50, 0, 38.11%, 39, 0, 6, 101.12
1585248996, 1, 79, 101, 50, 0, 38.11%, 39, 0, 6, 144.72
1585249002, 1, 80, 101, 50, 0, 38.11%, 39, 0, 6, 129.73
1585249007, 1, 81, 101, 50, 0, 38.11%, 39, 0, 6, 110.48
1585249161, 1, 82, 101, 49, 0, 38.11%, 39, 0, 6, 97.02
1585249166, 1, 83, 101, 49, 0, 38.11%, 39, 0, 6, 103.74
1585249171, 1, 87, 101, 49, 0, 38.11%, 40, 0, 6, 122.77
1585249176, 1, 88, 101, 49, 0, 38.11%, 40, 0, 6, 97.59
1585249181, 1, 89, 101, 48, 0, 38.11%, 40, 0, 6, 83.53
1585249186, 1, 95, 101, 48, 0, 38.11%, 40, 0, 6, 82.40
1585250669, 1, 97, 101, 47, 0, 38.11%, 40, 0, 6, 278.13
1585250715, 1, 97, 102, 48, 0, 38.11%, 40, 0, 6, 193.37
1585250822, 1, 97, 103, 49, 0, 38.11%, 40, 0, 6, 160.35
1585250842, 1, 97, 103, 49, 0, 38.11%, 41, 0, 6, 157.66
1585250955, 2, 1, 105, 50, 0, 38.11%, 41, 0, 6, 142.99
1585250960, 2, 1, 116, 61, 0, 38.11%, 41, 0, 6, 105.01
1585250965, 2, 1, 120, 65, 0, 38.11%, 41, 0, 6, 96.55
1585250970, 2, 1, 122, 67, 0, 38.11%, 41, 0, 6, 94.44
1585250976, 2, 1, 124, 69, 0, 38.11%, 41, 0, 6, 94.85
1585250981, 2, 1, 126, 71, 0, 38.11%, 41, 0, 6, 94.56
1585250986, 2, 1, 128, 73, 0, 38.11%, 41, 0, 6, 99.62
1585250991, 2, 1, 130, 75, 0, 38.11%, 41, 0, 6, 95.39
1585250996, 2, 1, 131, 76, 0, 38.11%, 41, 0, 6, 100.32
1585251001, 2, 1, 133, 78, 0, 38.11%, 41, 0, 6, 97.71
1585251006, 2, 1, 135, 80, 0, 38.11%, 41, 0, 6, 98.96
1585251017, 2, 1, 136, 81, 0, 38.11%, 41, 0, 6, 91.73
1585251027, 2, 1, 137, 82, 0, 38.11%, 41, 0, 6, 98.94
1585251032, 2, 1, 139, 84, 0, 38.11%, 41, 0, 6, 105.11
1585251037, 2, 1, 140, 85, 0, 38.11%, 41, 0, 6, 97.30
1585251042, 2, 2, 140, 85, 0, 38.11%, 41, 0, 6, 96.68
1585251047, 2, 5, 140, 85, 0, 38.11%, 41, 0, 6, 102.75
1585251052, 2, 5, 144, 89, 0, 38.11%, 41, 0, 6, 103.51
1585251068, 2, 5, 145, 90, 0, 38.11%, 41, 0, 6, 104.84
1585251078, 2, 5, 146, 91, 0, 38.11%, 41, 0, 6, 107.20
1585251093, 2, 5, 147, 92, 0, 38.11%, 41, 0, 6, 107.17
1585251103, 2, 5, 149, 94, 0, 38.11%, 41, 0, 6, 102.76
1585251118, 2, 5, 150, 95, 0, 38.11%, 41, 0, 6, 110.53
1585251128, 2, 7, 151, 96, 0, 38.11%, 41, 0, 6, 130.11
1585251133, 2, 7, 152, 97, 0, 38.11%, 41, 0, 6, 133.85
1585251139, 2, 13, 153, 98, 0, 38.11%, 41, 0, 6, 158.40
1585251144, 2, 13, 154, 99, 0, 38.11%, 41, 0, 6, 195.15
1585251154, 2, 22, 154, 99, 0, 38.11%, 41, 0, 6, 214.31
1585251159, 2, 26, 154, 99, 0, 38.11%, 41, 0, 6, 131.00
1585251799, 2, 34, 154, 98, 0, 38.11%, 41, 0, 6, 112.91
1585252587, 2, 35, 154, 97, 0, 38.11%, 41, 0, 6, 51.12
1585252633, 2, 35, 155, 98, 0, 38.11%, 41, 0, 6, 71.52
1585253290, 2, 36, 157, 99, 0, 38.11%, 41, 0, 6, 112.69
1585253295, 2, 45, 157, 99, 0, 38.11%, 41, 0, 6, 127.51
1585255050, 2, 46, 157, 98, 0, 38.11%, 41, 0, 6, 46.91
1585255895, 2, 47, 157, 97, 0, 38.11%, 41, 0, 6, 52.72
1585257478, 2, 49, 157, 96, 0, 38.11%, 41, 0, 6, 66.47
1585257483, 2, 49, 159, 98, 0, 38.11%, 41, 0, 6, 129.20
1585257488, 2, 49, 161, 100, 0, 38.11%, 41, 0, 6, 146.98
1585257498, 2, 49, 162, 101, 0, 38.11%, 41, 0, 6, 148.98
1585257509, 2, 83, 163, 102, 1, 38.11%, 41, 0, 6, 143.71
1585257519, 2, 157, 163, 102, 1, 38.11%, 41, 0, 6, 226.52
1585257712, 2, 157, 164, 103, 1, 38.11%, 41, 0, 6, 179.54
1585257733, 2, 157, 165, 104, 1, 38.11%, 41, 0, 6, 177.21
1585257738, 2, 157, 166, 105, 1, 38.11%, 41, 0, 6, 179.12
1585257748, 2, 157, 167, 106, 1, 38.11%, 41, 0, 6, 167.59
1585257753, 2, 157, 170, 109, 1, 38.11%, 41, 0, 6, 169.85
1585257758, 2, 157, 171, 110, 1, 38.11%, 41, 0, 6, 163.02
1585257763, 2, 157, 172, 111, 1, 38.11%, 41, 0, 6, 166.91
1585257783, 2, 157, 173, 112, 1, 38.11%, 41, 0, 6, 178.18
1585257799, 2, 157, 174, 113, 1, 38.11%, 41, 0, 6, 179.11
1585257814, 2, 157, 175, 114, 1, 38.11%, 41, 0, 6, 170.66
1585257890, 2, 157, 176, 115, 1, 38.11%, 41, 0, 6, 169.57
1585257895, 2, 158, 176, 114, 0, 38.11%, 41, 0, 6, 144.48
1585257972, 2, 158, 178, 116, 0, 38.11%, 41, 0, 6, 57.67
1585276397, 2, 158, 180, 118, 0, 38.11%, 41, 0, 6, 62.29
1585276407, 2, 158, 182, 120, 0, 38.11%, 41, 0, 6, 68.00
1585276413, 2, 158, 183, 121, 0, 38.11%, 41, 0, 6, 67.76
1585276418, 2, 158, 184, 122, 0, 38.11%, 41, 0, 6, 68.65
1585276423, 2, 158, 185, 123, 0, 38.11%, 41, 0, 6, 68.34
1585276428, 2, 158, 186, 124, 0, 38.11%, 41, 0, 6, 66.98
1585276443, 2, 158, 187, 125, 0, 38.11%, 41, 0, 6, 70.33
1585276469, 2, 158, 188, 126, 0, 38.11%, 41, 0, 6, 67.27
1585276515, 2, 158, 189, 127, 0, 38.11%, 41, 0, 6, 68.91
1585276520, 2, 158, 190, 128, 0, 38.11%, 41, 0, 6, 67.77
1585276541, 2, 158, 191, 129, 0, 38.11%, 41, 0, 6, 66.17
1585276556, 2, 158, 192, 130, 0, 38.11%, 41, 0, 6, 70.30
1585276561, 2, 158, 192, 130, 0, 38.11%, 42, 0, 6, 70.42
1585276668, 2, 158, 193, 131, 0, 38.11%, 42, 0, 6, 65.98
1585276730, 2, 158, 194, 132, 0, 38.11%, 42, 0, 6, 67.99
1585276761, 2, 159, 194, 131, 0, 38.11%, 42, 0, 6, 65.31
1585296580, 2, 159, 195, 132, 0, 38.11%, 42, 0, 6, 62.38
1585296590, 2, 159, 196, 133, 0, 38.11%, 42, 0, 6, 61.71
1585296600, 2, 159, 197, 134, 0, 38.11%, 42, 0, 6, 63.25
1585296611, 2, 159, 198, 135, 0, 38.11%, 42, 0, 6, 62.94
1585296621, 2, 159, 199, 136, 0, 38.11%, 42, 0, 6, 62.78
1585296626, 2, 159, 200, 137, 0, 38.11%, 42, 0, 6, 62.91
1585296681, 2, 159, 201, 138, 0, 38.11%, 42, 0, 6, 64.14
1585296717, 2, 159, 202, 139, 0, 38.11%, 42, 0, 6, 62.83
1585296733, 2, 159, 203, 140, 0, 38.11%, 42, 0, 6, 63.40
1585296769, 2, 159, 204, 141, 0, 38.11%, 42, 0, 6, 63.50
1585296800, 2, 159, 205, 142, 0, 38.11%, 42, 0, 6, 62.51
1585296866, 2, 159, 206, 143, 0, 38.11%, 42, 0, 6, 63.23
1585296969, 2, 161, 206, 142, 0, 38.11%, 42, 0, 6, 136.08
1585300470, 2, 161, 206, 142, 0, 38.11%, 43, 0, 6, 191.61
1585303757, 2, 165, 206, 141, 0, 38.11%, 43, 0, 6, 136.14
1585317674, 2, 167, 206, 140, 0, 38.11%, 43, 0, 6, 95.27
1585318685, 2, 169, 206, 139, 0, 38.11%, 43, 0, 6, 81.97
1585318757, 2, 169, 207, 140, 0, 38.11%, 43, 0, 7, 71.68
1585321081, 2, 169, 208, 141, 0, 38.11%, 43, 0, 7, 65.61
1585321582, 2, 172, 208, 140, 0, 38.11%, 43, 0, 7, 56.92
1585321828, 2, 176, 208, 139, 0, 38.11%, 43, 0, 7, 46.63
1585322084, 2, 178, 208, 138, 0, 38.11%, 43, 0, 7, 49.64
1585322536, 2, 182, 208, 137, 0, 38.11%, 43, 0, 7, 45.12
1585322690, 2, 183, 208, 136, 0, 38.11%, 43, 0, 7, 45.01
1585322914, 2, 189, 208, 135, 0, 38.11%, 43, 0, 7, 45.10
1585351017, 2, 189, 208, 135, 0, 38.11%, 45, 0, 7, 73.03
1585351517, 2, 189, 209, 136, 0, 38.11%, 45, 0, 7, 71.19
1585360357, 2, 189, 210, 137, 0, 38.11%, 45, 0, 7, 68.33
1585360373, 2, 189, 211, 138, 0, 38.11%, 45, 0, 7, 67.86
1585360424, 2, 189, 212, 139, 0, 38.11%, 45, 0, 7, 52.33
1585360537, 2, 189, 213, 140, 0, 38.11%, 45, 0, 7, 66.95
1585360552, 2, 189, 214, 141, 0, 38.11%, 45, 0, 7, 65.71
1585360681, 2, 202, 214, 140, 0, 38.11%, 45, 0, 7, 66.38
1585360717, 2, 208, 214, 139, 0, 38.11%, 45, 0, 7, 44.55
1585360778, 2, 209, 214, 138, 0, 38.11%, 45, 0, 7, 44.78
1585360809, 2, 209, 215, 139, 0, 38.11%, 45, 0, 8, 100.46
1585374269, 2, 209, 216, 140, 0, 38.11%, 45, 0, 8, 112.68
1585397493, 2, 209, 216, 140, 0, 38.11%, 47, 0, 8, 76.29
1585409623, 2, 209, 219, 143, 0, 38.11%, 47, 0, 8, 84.87
1585409628, 2, 209, 224, 148, 0, 38.11%, 47, 0, 8, 63.89
1585409633, 2, 209, 225, 149, 0, 38.11%, 47, 0, 8, 59.87
1585409638, 2, 209, 226, 150, 0, 38.11%, 47, 0, 8, 59.47
1585409659, 2, 209, 228, 152, 0, 38.11%, 47, 0, 8, 57.79
1585409664, 2, 209, 229, 153, 0, 38.11%, 47, 0, 8, 58.75
1585409674, 2, 209, 230, 154, 0, 38.11%, 47, 0, 8, 58.25
1585409689, 2, 209, 231, 155, 0, 38.11%, 47, 0, 8, 59.33
1585409705, 2, 209, 233, 157, 0, 38.11%, 47, 0, 8, 58.38
1585409740, 2, 209, 234, 158, 0, 38.11%, 47, 0, 8, 59.91
1585409775, 2, 209, 235, 159, 0, 38.11%, 47, 0, 8, 59.20
1585409887, 2, 209, 236, 160, 0, 38.11%, 47, 0, 8, 60.46
1585410056, 2, 215, 236, 159, 1, 38.11%, 47, 0, 8, 56.06
1585448479, 2, 215, 236, 159, 1, 38.11%, 48, 0, 8, 89.93
1585461072, 2, 215, 237, 160, 1, 38.11%, 48, 0, 9, 58.42
1585461220, 2, 215, 238, 161, 1, 38.11%, 48, 0, 9, 59.27
1585461357, 2, 226, 238, 160, 0, 38.11%, 48, 0, 9, 51.92
1585461516, 2, 228, 238, 159, 0, 38.11%, 48, 0, 9, 45.93
1585461572, 2, 237, 238, 158, 0, 38.11%, 48, 0, 9, 45.54
1585461623, 3, 2, 238, 157, 0, 38.11%, 48, 0, 9, 63.47
1585461628, 3, 5, 238, 157, 0, 38.11%, 48, 0, 9, 77.60
1585461633, 3, 7, 239, 158, 0, 38.11%, 48, 0, 9, 114.49
1585461638, 3, 12, 239, 158, 0, 38.11%, 48, 0, 9, 168.62
1585462146, 3, 13, 239, 157, 0, 38.11%, 48, 0, 9, 192.26
1585462151, 3, 31, 239, 157, 0, 38.11%, 48, 0, 9, 137.10
1585462469, 3, 32, 239, 156, 0, 38.11%, 48, 0, 9, 45.70
1585462485, 3, 33, 239, 155, 0, 38.11%, 48, 0, 9, 49.22
1585462541, 3, 41, 239, 154, 0, 38.11%, 48, 0, 9, 57.57
1585462654, 3, 42, 239, 153, 0, 38.11%, 48, 0, 9, 68.69
1585463250, 3, 49, 239, 152, 0, 38.11%, 48, 0, 9, 61.56
1585463266, 3, 53, 239, 152, 0, 38.11%, 48, 0, 9, 108.32
1585463271, 3, 54, 239, 152, 0, 38.11%, 48, 0, 9, 99.96
1585463276, 3, 57, 239, 152, 0, 38.11%, 48, 0, 9, 112.49
1585463281, 3, 59, 239, 152, 0, 38.11%, 48, 0, 9, 221.12
1585463460, 3, 63, 239, 151, 0, 38.11%, 48, 0, 9, 134.97
1585463465, 3, 65, 239, 151, 0, 38.11%, 48, 0, 9, 165.80
1585463561, 3, 72, 239, 150, 0, 38.11%, 48, 0, 9, 105.25
1585463566, 3, 73, 239, 150, 0, 38.11%, 48, 0, 9, 126.66
1585463577, 3, 74, 239, 150, 0, 38.11%, 48, 0, 9, 129.14
1585463587, 3, 75, 239, 150, 0, 38.11%, 48, 0, 9, 112.97
1585463592, 3, 79, 239, 150, 0, 38.11%, 48, 0, 9, 112.75
1585463597, 3, 82, 239, 150, 0, 38.11%, 48, 0, 9, 103.65
1585463602, 3, 83, 239, 150, 0, 38.11%, 48, 0, 9, 100.59
1585463607, 3, 85, 239, 150, 0, 38.11%, 48, 0, 9, 81.66
1585463612, 3, 87, 239, 149, 0, 38.11%, 48, 0, 9, 77.72
1585463617, 3, 88, 239, 149, 0, 38.11%, 48, 0, 9, 91.83
1585463622, 3, 89, 239, 149, 0, 38.11%, 48, 0, 9, 89.23
1585463627, 3, 101, 239, 149, 0, 38.11%, 48, 0, 9, 103.42
1585463653, 3, 103, 239, 148, 0, 38.11%, 48, 0, 9, 49.96
1585463705, 3, 107, 239, 147, 0, 38.11%, 48, 0, 9, 47.87
1585465220, 3, 109, 239, 146, 0, 38.11%, 48, 0, 9, 84.78
1585466525, 3, 111, 239, 145, 0, 38.11%, 48, 0, 9, 112.18
1585466601, 3, 115, 239, 144, 0, 38.11%, 48, 0, 9, 45.42
1585466708, 3, 116, 239, 143, 0, 38.11%, 48, 0, 9, 46.01
1585466759, 3, 122, 239, 142, 0, 38.11%, 48, 0, 9, 46.34
1585466912, 3, 125, 239, 141, 0, 38.11%, 48, 0, 9, 45.97
1585467147, 3, 127, 239, 140, 0, 38.11%, 48, 0, 9, 45.53
1585467209, 3, 134, 239, 139, 0, 38.11%, 48, 0, 9, 52.05
1585467239, 3, 142, 239, 138, 0, 38.11%, 48, 0, 9, 45.28
1585467301, 3, 145, 239, 137, 0, 38.11%, 48, 0, 9, 58.64
1585468706, 3, 146, 239, 136, 0, 38.11%, 48, 0, 9, 46.21
1585468783, 3, 146, 240, 137, 0, 38.11%, 48, 0, 9, 60.11
1585468839, 3, 149, 240, 136, 0, 38.11%, 48, 0, 9, 50.06
1585468911, 3, 151, 240, 135, 0, 38.11%, 48, 0, 9, 51.50
1585469007, 3, 153, 240, 134, 0, 38.11%, 48, 0, 9, 51.54
1585469078, 3, 157, 240, 133, 0, 38.11%, 48, 0, 9, 88.38
1585469104, 3, 174, 240, 133, 0, 38.11%, 48, 0, 9, 134.83
1585469373, 3, 180, 240, 132, 0, 38.11%, 48, 0, 9, 45.60
1585469399, 3, 181, 240, 131, 0, 38.11%, 48, 0, 9, 45.20
1585469531, 3, 184, 240, 130, 0, 38.11%, 48, 0, 9, 46.58
1585492152, 3, 184, 241, 131, 0, 38.12%, 48, 0, 9, 64.78
1585502402, 3, 194, 241, 130, 1, 38.12%, 48, 0, 9, 73.87
1585518341, 3, 194, 242, 131, 1, 38.12%, 48, 0, 9, 66.51
1585518439, 3, 235, 242, 130, 1, 38.12%, 48, 0, 9, 51.66
1585518526, 3, 240, 242, 129, 1, 38.12%, 48, 0, 9, 47.85
1585518556, 3, 240, 243, 130, 1, 38.12%, 48, 0, 9, 64.23
1585518567, 3, 240, 245, 132, 1, 38.12%, 48, 0, 9, 75.12
1585523779, 3, 240, 246, 133, 1, 38.12%, 48, 0, 9, 76.23
1585523784, 3, 240, 247, 134, 1, 38.12%, 48, 0, 9, 76.41
1585535699, 3, 240, 249, 136, 1, 38.12%, 48, 0, 9, 63.73
1585542364, 3, 240, 250, 137, 1, 38.12%, 48, 0, 9, 67.92
1585542389, 3, 240, 251, 138, 1, 38.12%, 48, 0, 9, 70.13
1585545477, 3, 240, 252, 139, 1, 38.17%, 48, 0, 9, 71.00
1585545487, 3, 240, 253, 140, 1, 38.17%, 48, 0, 9, 68.91
1585551764, 3, 240, 254, 141, 1, 38.17%, 48, 0, 9, 65.61
1585551805, 3, 240, 255, 142, 1, 38.17%, 48, 0, 9, 66.02
1585551870, 3, 240, 256, 143, 1, 38.17%, 48, 0, 9, 50.51
1585551911, 3, 240, 256, 143, 1, 38.17%, 49, 0, 9, 64.50
1585552049, 3, 240, 257, 144, 1, 38.17%, 49, 0, 9, 52.80
1585552115, 3, 246, 257, 143, 2, 38.17%, 49, 0, 9, 57.31
1585552146, 3, 246, 258, 144, 2, 38.17%, 49, 0, 9, 69.22
1585552151, 3, 246, 261, 147, 2, 38.17%, 49, 0, 9, 69.59
1585635853, 3, 246, 262, 148, 2, 38.17%, 49, 0, 9, 68.16
1585635884, 3, 246, 263, 149, 2, 38.17%, 49, 0, 9, 69.70
1585670995, 3, 246, 265, 151, 2, 38.18%, 49, 0, 9, 86.31
1585671021, 3, 246, 266, 152, 2, 38.18%, 49, 0, 9, 82.20
1585671191, 3, 246, 267, 153, 2, 38.18%, 49, 0, 9, 72.27
1585671206, 3, 246, 267, 153, 2, 38.18%, 50, 0, 9, 72.09
1585671242, 3, 246, 268, 154, 2, 38.18%, 50, 0, 9, 71.00
1585671422, 3, 251, 268, 153, 3, 38.18%, 50, 0, 9, 69.58
1585677008, 3, 251, 269, 154, 3, 38.18%, 50, 0, 9, 65.66
1585677044, 3, 251, 270, 155, 3, 38.18%, 50, 0, 9, 64.68
1585677049, 3, 251, 271, 156, 3, 38.18%, 50, 0, 9, 65.78
1585682866, 3, 251, 272, 157, 3, 38.18%, 50, 0, 9, 68.22
1585682902, 3, 251, 273, 158, 3, 38.18%, 50, 0, 9, 67.23
1585688583, 3, 251, 274, 159, 3, 38.18%, 50, 0, 9, 67.37
1585688624, 3, 251, 275, 160, 3, 38.41%, 50, 0, 9, 67.70
1585757003, 3, 251, 276, 161, 3, 38.41%, 50, 0, 9, 66.47
1585797004, 3, 251, 277, 162, 3, 38.41%, 50, 0, 9, 65.51
1585797414, 3, 263, 277, 161, 3, 38.41%, 50, 0, 9, 65.30
1585801817, 3, 263, 279, 163, 3, 38.41%, 50, 0, 10, 86.95
1585815837, 3, 263, 280, 164, 3, 38.41%, 50, 0, 10, 82.89
1585816077, 3, 263, 281, 165, 3, 38.41%, 50, 0, 10, 72.46
1585819173, 3, 263, 282, 166, 3, 38.41%, 50, 0, 10, 81.54
1585823506, 3, 263, 283, 167, 3, 38.41%, 50, 0, 10, 72.93
1585823511, 3, 263, 284, 168, 3, 38.41%, 50, 0, 10, 76.34
1585823686, 3, 263, 285, 169, 3, 38.41%, 50, 0, 10, 78.56
1585824918, 3, 274, 285, 168, 2, 38.41%, 50, 0, 10, 64.71
1585824959, 3, 276, 285, 167, 1, 38.41%, 50, 0, 10, 53.10
1585824990, 3, 276, 286, 168, 1, 38.41%, 50, 0, 10, 64.85
1585824995, 3, 276, 287, 169, 1, 38.41%, 50, 0, 10, 66.67
