# unix_time, cycles_done, cur_path, paths_total, pending_total, pending_favs, map_size, unique_crashes, unique_hangs, max_depth, execs_per_sec
1585315858, 0, 0, 1, 1, 1, 0.80%, 0, 0, 1, 470.59
1585315863, 0, 0, 45, 45, 1, 0.89%, 0, 0, 2, 629.72
1585315868, 0, 0, 46, 46, 1, 0.89%, 0, 0, 2, 670.51
1585315899, 0, 0, 64, 64, 1, 0.90%, 0, 0, 2, 686.32
1585315904, 0, 0, 68, 68, 1, 0.90%, 0, 0, 2, 703.37
1585315909, 0, 0, 70, 70, 1, 0.90%, 0, 0, 2, 788.22
1585315914, 0, 0, 72, 72, 1, 0.90%, 0, 0, 2, 746.47
1585315919, 0, 0, 74, 74, 1, 0.90%, 0, 0, 2, 755.20
1585315924, 0, 0, 75, 75, 1, 0.90%, 0, 0, 2, 721.51
1585315944, 0, 61, 75, 72, 8, 0.90%, 0, 0, 2, 755.57
1585315949, 0, 61, 76, 73, 8, 0.90%, 0, 0, 3, 802.07
1585315960, 0, 61, 77, 74, 8, 0.90%, 0, 0, 3, 741.55
1585315975, 0, 63, 77, 73, 7, 0.90%, 0, 0, 3, 813.07
1585315980, 0, 64, 77, 72, 6, 0.90%, 0, 0, 3, 760.12
1585315985, 0, 64, 79, 74, 6, 0.90%, 0, 0, 3, 754.66
1585315990, 0, 67, 80, 74, 5, 0.90%, 0, 0, 3, 803.56
1585316026, 0, 70, 80, 73, 5, 0.90%, 0, 0, 3, 784.63
1585316056, 0, 71, 80, 72, 4, 0.90%, 0, 0, 3, 746.61
1585316092, 0, 75, 80, 71, 3, 0.90%, 0, 0, 3, 628.61
1585316097, 0, 75, 81, 72, 3, 0.90%, 0, 0, 4, 680.82
1585316127, 0, 76, 81, 71, 2, 0.90%, 0, 0, 4, 736.55
1585316158, 0, 79, 83, 72, 1, 0.90%, 0, 0, 4, 716.28
1585316163, 0, 79, 84, 73, 1, 0.90%, 0, 0, 4, 645.22
1585316193, 1, 8, 84, 71, 0, 0.90%, 0, 0, 4, 717.49
1585316198, 1, 14, 84, 70, 0, 0.90%, 0, 0, 4, 552.17
1585316203, 1, 16, 84, 69, 0, 0.90%, 0, 0, 4, 676.66
1585316214, 1, 24, 84, 68, 0, 0.90%, 0, 0, 4, 705.20
1585316224, 1, 28, 84, 67, 0, 0.90%, 0, 0, 4, 787.98
1585316239, 1, 34, 84, 66, 0, 0.90%, 0, 0, 4, 707.86
1585316275, 1, 42, 84, 65, 0, 0.90%, 0, 0, 4, 769.68
1585316310, 1, 50, 84, 63, 0, 0.90%, 0, 0, 4, 715.11
1585316346, 1, 54, 84, 62, 0, 0.90%, 0, 0, 4, 777.70
1585316351, 1, 57, 84, 62, 0, 0.90%, 0, 0, 4, 782.27
1585316392, 1, 65, 84, 61, 0, 0.90%, 0, 0, 4, 749.33
1585316427, 1, 75, 84, 60, 0, 0.90%, 0, 0, 4, 747.18
1585316432, 1, 78, 84, 60, 0, 0.90%, 0, 0, 4, 770.23
1585316442, 2, 5, 84, 59, 0, 0.90%, 0, 0, 4, 760.39
1585316448, 2, 21, 84, 57, 0, 0.90%, 0, 0, 4, 755.02
1585316458, 2, 29, 84, 56, 0, 0.90%, 0, 0, 4, 761.01
1585316473, 2, 29, 91, 63, 0, 0.91%, 0, 0, 4, 772.96
1585316478, 2, 29, 95, 67, 0, 0.91%, 0, 0, 4, 751.61
1585316488, 2, 29, 96, 68, 0, 0.91%, 0, 0, 4, 740.40
1585316493, 2, 29, 97, 69, 0, 0.91%, 0, 0, 4, 777.14
1585316498, 2, 29, 99, 71, 0, 0.91%, 0, 0, 4, 769.90
1585316503, 2, 29, 100, 72, 0, 0.91%, 0, 0, 4, 637.59
1585316518, 2, 84, 100, 71, 2, 0.91%, 0, 0, 4, 766.36
1585316666, 2, 94, 100, 70, 1, 0.91%, 0, 0, 4, 642.71
1585317384, 2, 94, 101, 71, 1, 0.91%, 0, 0, 4, 336.53
1585323362, 2, 94, 103, 73, 1, 0.91%, 0, 0, 4, 435.44
1585323367, 2, 94, 104, 74, 1, 0.91%, 0, 0, 4, 416.94
1585323382, 2, 94, 105, 75, 1, 0.91%, 0, 0, 4, 479.08
1585323403, 2, 94, 106, 76, 1, 0.91%, 0, 0, 4, 569.51
1585323408, 2, 100, 106, 75, 1, 0.91%, 0, 0, 4, 461.58
1585330094, 2, 100, 107, 76, 1, 0.91%, 0, 0, 5, 547.34
1585330099, 2, 100, 109, 78, 1, 0.91%, 0, 0, 5, 580.28
1585330115, 2, 100, 110, 79, 1, 0.91%, 0, 0, 5, 584.74
1585330140, 2, 103, 112, 80, 0, 0.91%, 0, 0, 5, 359.72
1585350091, 2, 103, 114, 82, 0, 0.91%, 0, 0, 5, 415.07
1585350102, 2, 107, 114, 81, 0, 0.91%, 0, 0, 5, 287.99
1585357671, 2, 113, 114, 80, 0, 0.91%, 0, 0, 5, 517.42
1585358375, 2, 113, 121, 87, 0, 0.91%, 0, 0, 6, 200.38
1585382121, 2, 116, 121, 86, 0, 0.91%, 0, 0, 6, 337.10
1585389704, 3, 4, 121, 85, 0, 0.91%, 0, 0, 6, 653.87
1585389709, 3, 23, 121, 84, 0, 0.91%, 0, 0, 6, 781.39
1585389719, 3, 33, 123, 85, 0, 0.91%, 0, 0, 6, 645.79
1585389739, 3, 40, 123, 84, 0, 0.91%, 0, 0, 6, 605.08
1585389785, 3, 41, 124, 84, 0, 0.91%, 0, 0, 6, 594.55
1585389821, 3, 45, 124, 83, 0, 0.91%, 0, 0, 6, 656.85
1585389861, 3, 46, 124, 82, 0, 0.91%, 0, 0, 6, 783.42
1585389892, 3, 47, 124, 81, 0, 0.91%, 0, 0, 6, 695.45
1585389922, 3, 51, 124, 80, 0, 0.91%, 0, 0, 6, 735.46
1585389968, 3, 62, 124, 79, 0, 0.91%, 0, 0, 6, 710.09
1585390029, 3, 68, 125, 79, 0, 0.91%, 0, 0, 6, 605.31
1585390055, 3, 69, 125, 78, 0, 0.91%, 0, 0, 6, 653.14
1585390090, 3, 72, 125, 77, 0, 0.91%, 0, 0, 6, 716.50
1585390100, 3, 76, 125, 76, 0, 0.91%, 0, 0, 6, 731.42
1585390105, 3, 80, 125, 76, 0, 0.91%, 0, 0, 6, 746.96
1585390110, 3, 80, 126, 77, 0, 0.91%, 0, 0, 6, 776.66
1585390131, 3, 80, 127, 78, 0, 0.91%, 0, 0, 6, 783.43
1585390141, 3, 95, 127, 77, 0, 0.91%, 0, 0, 6, 612.08
1585393136, 3, 98, 127, 76, 0, 0.91%, 0, 0, 6, 631.50
1585393758, 3, 100, 127, 75, 0, 0.91%, 0, 0, 6, 689.58
1585393763, 3, 111, 127, 75, 0, 0.91%, 0, 0, 6, 671.39
1585393855, 3, 114, 127, 74, 0, 0.91%, 0, 0, 6, 453.33
1585401307, 3, 115, 127, 73, 0, 0.91%, 0, 0, 6, 448.07
1585408817, 3, 119, 127, 72, 0, 0.91%, 0, 0, 6, 584.70
1585416405, 3, 120, 127, 71, 0, 0.91%, 0, 0, 6, 351.11
1585424021, 3, 125, 127, 70, 0, 0.91%, 0, 0, 6, 750.88
1585424056, 4, 7, 127, 69, 0, 0.91%, 0, 0, 6, 759.53
1585424061, 4, 9, 127, 68, 0, 0.91%, 0, 0, 6, 723.72
1585424066, 4, 13, 127, 67, 0, 0.91%, 0, 0, 6, 623.45
1585424107, 4, 22, 127, 66, 0, 0.91%, 0, 0, 6, 778.34
1585424117, 4, 26, 127, 65, 0, 0.91%, 0, 0, 6, 765.20
1585424127, 4, 28, 127, 64, 0, 0.91%, 0, 0, 6, 787.31
1585424132, 4, 39, 127, 64, 0, 0.91%, 0, 0, 6, 780.40
1585424163, 4, 53, 127, 63, 0, 0.91%, 0, 0, 6, 792.50
1585424178, 4, 53, 128, 64, 0, 0.91%, 0, 0, 6, 755.12
1585424183, 4, 56, 128, 63, 0, 0.91%, 0, 0, 6, 715.10
1585424203, 4, 57, 128, 62, 0, 0.91%, 0, 0, 6, 609.08
1585424208, 4, 66, 128, 62, 0, 0.91%, 0, 0, 6, 590.26
1585424254, 4, 71, 128, 61, 0, 0.91%, 0, 0, 6, 555.04
1585424259, 4, 79, 128, 61, 0, 0.91%, 0, 0, 6, 547.06
1585424264, 4, 82, 128, 61, 0, 0.91%, 0, 0, 6, 612.08
1585424310, 4, 83, 128, 60, 0, 0.91%, 0, 0, 6, 616.72
1585424346, 4, 83, 129, 61, 0, 0.91%, 0, 0, 6, 635.93
1585424351, 4, 84, 129, 60, 0, 0.91%, 0, 0, 6, 714.54
1585424356, 4, 86, 129, 60, 0, 0.91%, 0, 0, 6, 693.47
1585424438, 4, 97, 129, 59, 0, 0.91%, 0, 0, 6, 455.26
1585442075, 4, 113, 129, 58, 0, 0.91%, 0, 0, 6, 588.24
1585442080, 4, 118, 129, 58, 0, 0.91%, 0, 0, 6, 381.97
1585449750, 4, 121, 129, 57, 0, 0.91%, 0, 0, 6, 598.63
1585449846, 4, 124, 129, 56, 0, 0.91%, 0, 0, 6, 688.22
1585449922, 4, 127, 130, 56, 0, 0.91%, 0, 0, 6, 746.27
1585449933, 4, 127, 131, 57, 0, 0.91%, 0, 0, 6, 785.07
1585450105, 4, 127, 132, 58, 0, 0.91%, 0, 0, 6, 717.05
1585450110, 4, 127, 133, 59, 0, 0.91%, 0, 0, 6, 758.08
1585450131, 5, 4, 133, 58, 0, 0.91%, 0, 0, 6, 552.17
1585450136, 5, 15, 133, 58, 0, 0.91%, 0, 0, 6, 605.02
1585450141, 5, 27, 133, 57, 0, 0.91%, 0, 0, 6, 698.59
1585450156, 5, 35, 133, 56, 0, 0.91%, 0, 0, 6, 741.01
1585450202, 5, 36, 133, 55, 0, 0.91%, 0, 0, 6, 619.39
1585450232, 5, 55, 133, 54, 0, 0.91%, 0, 0, 6, 788.71
1585450253, 5, 59, 133, 53, 0, 0.91%, 0, 0, 6, 768.03
1585450293, 5, 71, 133, 52, 0, 0.91%, 0, 0, 6, 545.31
1585450299, 5, 77, 133, 52, 0, 0.91%, 0, 0, 6, 666.91
1585450314, 5, 81, 133, 51, 0, 0.91%, 0, 0, 6, 662.87
1585450359, 5, 84, 133, 50, 0, 0.91%, 0, 0, 6, 612.02
1585450365, 5, 89, 133, 50, 0, 0.91%, 0, 0, 6, 608.49
1585450456, 5, 92, 133, 49, 0, 0.91%, 0, 0, 6, 440.39
1585458282, 5, 96, 133, 48, 0, 0.91%, 0, 0, 6, 723.37
1585458323, 5, 100, 133, 47, 0, 0.91%, 0, 0, 6, 723.35
1585458328, 5, 119, 133, 47, 0, 0.91%, 0, 0, 6, 668.72
1585458333, 5, 129, 133, 47, 0, 0.91%, 0, 0, 6, 722.98
1585458557, 5, 130, 133, 46, 0, 0.91%, 0, 0, 6, 568.07
1585458740, 6, 4, 133, 44, 0, 0.91%, 0, 0, 6, 640.21
1585458745, 6, 10, 133, 44, 0, 0.91%, 0, 0, 6, 646.39
1585458750, 6, 20, 133, 42, 0, 0.91%, 0, 0, 6, 617.70
1585458761, 6, 25, 133, 41, 0, 0.91%, 0, 0, 6, 732.30
1585458776, 6, 30, 133, 40, 0, 0.91%, 0, 0, 6, 605.73
1585458796, 6, 43, 133, 39, 0, 0.91%, 0, 0, 6, 764.92
1585458837, 6, 48, 133, 38, 0, 0.91%, 0, 0, 6, 603.53
1585458842, 6, 71, 133, 37, 0, 0.91%, 0, 0, 6, 583.42
1585458847, 6, 73, 133, 37, 0, 0.91%, 0, 0, 6, 597.24
1585458883, 6, 74, 133, 36, 0, 0.91%, 0, 0, 6, 622.17
1585458898, 6, 76, 133, 35, 0, 0.91%, 0, 0, 6, 604.96
1585458903, 6, 88, 133, 35, 0, 0.91%, 0, 0, 6, 579.26
1585460450, 6, 99, 133, 34, 0, 0.91%, 0, 0, 6, 672.88
1585460496, 6, 104, 133, 33, 0, 0.91%, 0, 0, 6, 581.78
1585462102, 6, 109, 133, 32, 0, 0.91%, 0, 0, 6, 403.31
1585478758, 6, 111, 133, 31, 0, 0.91%, 0, 0, 6, 617.23
1585478763, 6, 117, 133, 31, 0, 0.91%, 0, 0, 6, 400.30
1585486084, 6, 126, 133, 30, 0, 0.91%, 0, 0, 6, 687.99
1585486150, 6, 126, 134, 31, 0, 0.91%, 0, 0, 6, 684.85
1585486160, 7, 11, 134, 30, 0, 0.91%, 0, 0, 6, 602.95
1585486165, 7, 38, 134, 29, 0, 0.91%, 0, 0, 6, 627.32
1585486201, 7, 42, 134, 28, 0, 0.91%, 0, 0, 6, 682.39
1585486206, 7, 58, 134, 28, 0, 0.91%, 0, 0, 6, 700.44
1585486221, 7, 60, 134, 27, 0, 0.91%, 0, 0, 6, 583.15
1585486226, 7, 75, 134, 27, 0, 0.91%, 0, 0, 6, 563.26
1585486231, 7, 85, 134, 27, 0, 0.91%, 0, 0, 6, 712.28
1585486389, 7, 100, 134, 26, 0, 0.91%, 0, 0, 6, 570.38
1585486394, 7, 122, 134, 26, 0, 0.91%, 0, 0, 6, 590.28
1585486506, 7, 131, 134, 25, 0, 0.91%, 0, 0, 6, 711.05
1585486893, 7, 131, 135, 26, 0, 0.91%, 0, 0, 6, 624.57
1585486898, 7, 131, 136, 27, 0, 0.91%, 0, 0, 6, 602.40
1585486903, 7, 131, 137, 28, 0, 0.91%, 0, 0, 6, 597.77
1585486938, 8, 18, 137, 26, 0, 0.91%, 0, 0, 6, 752.45
1585486949, 8, 19, 137, 25, 0, 0.91%, 0, 0, 6, 768.77
1585486954, 8, 32, 137, 24, 0, 0.91%, 0, 0, 6, 645.81
1585486974, 8, 46, 137, 23, 0, 0.91%, 0, 0, 6, 758.86
1585486979, 8, 76, 137, 23, 0, 0.91%, 0, 0, 6, 713.33
1585486984, 8, 85, 137, 23, 0, 0.91%, 0, 0, 6, 688.71
1585486989, 8, 93, 137, 23, 0, 0.91%, 0, 0, 6, 698.56
1585487351, 8, 100, 137, 22, 0, 0.91%, 0, 0, 6, 577.79
1585487356, 8, 108, 137, 22, 0, 0.91%, 0, 0, 6, 253.04
1585502942, 8, 112, 137, 21, 0, 0.91%, 0, 0, 6, 415.80
1585522763, 9, 17, 137, 20, 0, 0.91%, 0, 0, 6, 742.01
1585522768, 9, 37, 137, 19, 0, 0.91%, 0, 0, 6, 760.00
1585522798, 9, 71, 137, 18, 0, 0.91%, 0, 0, 6, 764.47
1585522804, 9, 99, 137, 18, 0, 0.91%, 0, 0, 6, 697.36
1585522809, 9, 110, 137, 18, 0, 0.91%, 0, 0, 6, 662.82
1585522869, 9, 133, 137, 17, 0, 0.91%, 0, 0, 6, 700.61
1585522889, 9, 133, 138, 18, 0, 0.91%, 0, 0, 7, 677.68
1585522971, 9, 133, 139, 19, 0, 0.91%, 0, 0, 7, 755.67
1585523001, 9, 134, 139, 18, 0, 0.91%, 0, 0, 7, 530.62
1585523852, 10, 6, 139, 17, 0, 0.91%, 0, 0, 7, 701.31
1585523857, 10, 52, 139, 17, 0, 0.91%, 0, 0, 7, 660.22
1585523887, 10, 54, 139, 16, 0, 0.91%, 0, 0, 7, 758.48
1585523892, 10, 77, 140, 17, 0, 0.91%, 0, 0, 7, 761.01
1585523897, 10, 91, 140, 17, 0, 0.91%, 0, 0, 7, 687.92
1585524259, 10, 122, 140, 16, 0, 0.91%, 0, 0, 7, 552.18
1585524264, 10, 123, 140, 16, 0, 0.91%, 0, 0, 7, 60.70
1585587587, 10, 134, 140, 15, 0, 0.91%, 0, 0, 7, 499.74
1585587592, 10, 135, 140, 15, 0, 0.91%, 0, 0, 7, 546.66
1585588503, 10, 138, 140, 14, 0, 0.91%, 0, 0, 7, 702.77
1585588677, 10, 138, 141, 15, 0, 0.91%, 0, 0, 8, 718.16
1585588692, 11, 13, 141, 14, 0, 0.91%, 0, 0, 8, 739.74
1585588697, 11, 75, 141, 14, 0, 0.91%, 0, 0, 8, 760.25
1585588702, 11, 100, 141, 14, 0, 0.91%, 0, 0, 8, 702.19
1585588707, 11, 106, 141, 14, 0, 0.91%, 0, 0, 8, 472.66
1585592044, 11, 123, 142, 14, 0, 0.91%, 0, 0, 8, 539.50
1585592049, 12, 31, 142, 14, 0, 0.91%, 0, 0, 8, 688.92
1585592085, 12, 41, 142, 13, 0, 0.91%, 0, 0, 8, 725.65
1585592090, 12, 76, 142, 13, 0, 0.91%, 0, 0, 8, 680.72
1585592095, 12, 100, 142, 13, 0, 0.91%, 0, 0, 8, 668.12
1585592100, 12, 105, 142, 13, 0, 0.91%, 0, 0, 8, 378.96
1585600886, 12, 114, 142, 12, 0, 0.91%, 0, 0, 8, 493.97
1585600892, 12, 130, 142, 12, 0, 0.91%, 0, 0, 8, 633.12
1585600897, 12, 132, 142, 12, 0, 0.91%, 0, 0, 8, 667.33
1585601635, 13, 63, 142, 11, 0, 0.91%, 0, 0, 8, 756.77
1585601640, 13, 84, 142, 11, 0, 0.91%, 0, 0, 8, 769.07
1585601645, 13, 90, 142, 11, 0, 0.91%, 0, 0, 8, 684.59
1585601996, 13, 102, 142, 10, 0, 0.91%, 0, 0, 8, 676.32
1585603756, 13, 114, 142, 9, 0, 0.91%, 0, 0, 8, 532.00
1585603761, 13, 140, 142, 9, 0, 0.91%, 0, 0, 8, 488.82
1585604091, 13, 140, 143, 10, 0, 0.91%, 0, 0, 9, 753.13
1585604106, 13, 140, 144, 11, 0, 0.91%, 0, 0, 9, 761.29
1585604122, 13, 142, 144, 10, 0, 0.91%, 0, 0, 9, 713.23
1585604712, 14, 50, 144, 9, 0, 0.91%, 0, 0, 9, 514.89
1585604717, 14, 71, 144, 9, 0, 0.91%, 0, 0, 9, 504.27
1585604722, 14, 84, 144, 9, 0, 0.91%, 0, 0, 9, 502.16
1585604727, 14, 100, 144, 9, 0, 0.91%, 0, 0, 9, 519.24
1585604732, 14, 126, 144, 9, 0, 0.91%, 0, 0, 9, 532.99
1585604737, 14, 139, 144, 9, 0, 0.91%, 0, 0, 9, 591.72
1585604814, 14, 140, 144, 8, 0, 0.91%, 0, 0, 9, 726.15
1585604829, 14, 143, 144, 8, 0, 0.91%, 0, 0, 9, 574.81
1585605731, 15, 26, 144, 7, 0, 0.91%, 0, 0, 9, 677.33
1585605736, 15, 75, 144, 7, 0, 0.91%, 0, 0, 9, 714.96
1585605741, 15, 106, 144, 7, 0, 0.91%, 0, 0, 9, 713.07
1585605746, 15, 118, 144, 7, 0, 0.91%, 0, 0, 9, 646.74
1585605752, 15, 137, 144, 7, 0, 0.91%, 0, 0, 9, 644.38
1585605879, 16, 28, 144, 6, 0, 0.91%, 0, 0, 9, 541.15
1585605884, 16, 71, 144, 6, 0, 0.91%, 0, 0, 9, 575.98
1585605889, 16, 84, 144, 6, 0, 0.91%, 0, 0, 9, 630.09
1585605894, 16, 87, 144, 6, 0, 0.91%, 0, 0, 9, 682.72
1585605986, 16, 102, 144, 5, 0, 0.91%, 0, 0, 9, 644.81
1585605991, 17, 34, 144, 5, 0, 0.91%, 0, 0, 9, 700.02
1585605996, 17, 44, 144, 5, 0, 0.91%, 0, 0, 9, 721.33
1585606032, 17, 51, 144, 4, 0, 0.91%, 0, 0, 9, 543.97
1585606037, 17, 60, 144, 4, 0, 0.91%, 0, 0, 9, 501.49
1585606042, 17, 79, 144, 4, 0, 0.91%, 0, 0, 9, 658.62
1585606047, 17, 106, 144, 4, 0, 0.91%, 0, 0, 9, 572.26
1585606052, 17, 136, 144, 4, 0, 0.91%, 0, 0, 9, 507.31
1585607050, 17, 136, 145, 5, 0, 0.91%, 0, 0, 9, 666.27
1585607060, 17, 136, 146, 6, 0, 0.91%, 0, 0, 9, 571.02
1585607111, 17, 144, 146, 5, 0, 0.91%, 0, 0, 9, 491.72
1585609441, 17, 146, 147, 5, 0, 0.91%, 0, 0, 9, 334.82
1585618817, 17, 146, 148, 6, 0, 0.91%, 0, 0, 9, 367.51
1585618822, 17, 146, 149, 7, 0, 0.91%, 0, 0, 9, 376.27
1585618853, 18, 63, 149, 6, 0, 0.91%, 0, 0, 9, 731.12
1585618858, 18, 76, 149, 6, 0, 0.91%, 0, 0, 9, 721.75
1585618863, 18, 95, 149, 6, 0, 0.91%, 0, 0, 9, 586.44
1585618868, 18, 101, 149, 6, 0, 0.91%, 0, 0, 9, 482.66
1585623897, 18, 128, 149, 5, 0, 0.91%, 0, 0, 9, 595.86
1585623958, 18, 141, 149, 4, 0, 0.91%, 0, 0, 9, 703.42
1585624049, 18, 141, 150, 5, 0, 0.91%, 0, 0, 9, 733.60
1585624065, 19, 21, 150, 4, 0, 0.91%, 0, 0, 9, 748.20
1585624070, 19, 63, 150, 4, 0, 0.91%, 0, 0, 9, 615.81
1585624075, 19, 79, 150, 4, 0, 0.91%, 0, 0, 9, 545.11
1585624080, 19, 100, 150, 4, 0, 0.91%, 0, 0, 9, 627.31
1585624085, 19, 134, 150, 4, 0, 0.91%, 0, 0, 9, 620.60
1585624091, 19, 141, 150, 4, 0, 0.91%, 0, 0, 9, 587.65
1585624101, 19, 149, 150, 4, 0, 0.91%, 0, 0, 9, 706.98
1585624273, 20, 44, 150, 3, 0, 0.91%, 0, 0, 9, 731.81
1585624278, 20, 75, 150, 3, 0, 0.91%, 0, 0, 9, 745.53
1585624283, 20, 131, 150, 3, 0, 0.91%, 0, 0, 9, 753.24
1585624289, 20, 138, 150, 3, 0, 0.91%, 0, 0, 9, 771.38
1585624294, 20, 145, 150, 3, 0, 0.91%, 0, 0, 9, 629.03
1585626162, 20, 148, 150, 2, 0, 0.91%, 0, 0, 9, 518.67
1585635922, 21, 42, 150, 1, 0, 0.91%, 0, 0, 9, 605.74
1585635927, 21, 71, 150, 1, 0, 0.91%, 0, 0, 9, 671.63
1585635932, 21, 100, 150, 1, 0, 0.91%, 0, 0, 9, 638.90
1585635938, 21, 129, 150, 1, 0, 0.91%, 0, 0, 9, 542.31
1585635943, 21, 133, 150, 1, 0, 0.91%, 0, 0, 9, 632.64
1585635948, 22, 51, 150, 1, 0, 0.91%, 0, 0, 9, 703.52
1585635953, 22, 76, 150, 1, 0, 0.91%, 0, 0, 9, 736.71
1585635958, 22, 100, 150, 1, 0, 0.91%, 0, 0, 9, 724.51
1585635963, 22, 126, 150, 1, 0, 0.91%, 0, 0, 9, 664.43
1585635968, 22, 130, 150, 1, 0, 0.91%, 0, 0, 9, 522.07
1585635973, 23, 46, 150, 1, 0, 0.91%, 0, 0, 9, 625.51
1585635978, 23, 71, 150, 1, 0, 0.91%, 0, 0, 9, 714.18
1585635983, 23, 100, 150, 1, 0, 0.91%, 0, 0, 9, 696.07
1585635989, 23, 137, 150, 1, 0, 0.91%, 0, 0, 9, 609.10
1585635999, 24, 63, 150, 1, 0, 0.91%, 0, 0, 9, 667.29
1585636004, 24, 75, 150, 1, 0, 0.91%, 0, 0, 9, 617.18
1585636009, 24, 100, 150, 1, 0, 0.91%, 0, 0, 9, 610.57
1585636014, 24, 109, 150, 1, 0, 0.91%, 0, 0, 9, 664.48
1585636019, 25, 60, 150, 1, 0, 0.91%, 0, 0, 9, 712.52
1585636024, 25, 76, 150, 1, 0, 0.91%, 0, 0, 9, 760.34
1585636029, 25, 126, 150, 1, 0, 0.91%, 0, 0, 9, 720.76
1585636034, 25, 142, 150, 1, 0, 0.91%, 0, 0, 9, 745.20
1585636050, 26, 63, 150, 1, 0, 0.91%, 0, 0, 9, 712.90
1585636055, 26, 76, 150, 1, 0, 0.91%, 0, 0, 9, 659.78
1585636060, 26, 100, 150, 1, 0, 0.91%, 0, 0, 9, 654.41
1585636065, 26, 117, 150, 1, 0, 0.91%, 0, 0, 9, 485.81
1585636070, 26, 122, 150, 1, 0, 0.91%, 0, 0, 9, 533.67
1585636075, 26, 140, 150, 1, 0, 0.91%, 0, 0, 9, 690.91
1585636080, 26, 146, 150, 1, 0, 0.91%, 0, 0, 9, 498.65
1585636085, 27, 23, 150, 1, 0, 0.91%, 0, 0, 9, 534.46
1585636090, 27, 71, 150, 1, 0, 0.91%, 0, 0, 9, 512.68
1585636095, 27, 83, 150, 1, 0, 0.91%, 0, 0, 9, 560.51
1585636100, 27, 100, 150, 1, 0, 0.91%, 0, 0, 9, 578.44
1585636105, 27, 141, 150, 1, 0, 0.91%, 0, 0, 9, 631.08
1585636111, 28, 55, 150, 1, 0, 0.91%, 0, 0, 9, 639.03
1585636116, 28, 75, 150, 1, 0, 0.91%, 0, 0, 9, 590.66
1585636121, 28, 87, 150, 1, 0, 0.91%, 0, 0, 9, 688.91
1585636126, 28, 100, 150, 1, 0, 0.91%, 0, 0, 9, 615.44
1585636131, 28, 147, 150, 1, 0, 0.91%, 0, 0, 9, 601.47
1585645384, 29, 11, 150, 0, 0, 0.91%, 0, 0, 9, 550.71
1585645389, 29, 60, 150, 0, 0, 0.91%, 0, 0, 9, 567.34
1585645394, 29, 79, 150, 0, 0, 0.91%, 0, 0, 9, 714.26
1585645399, 29, 100, 150, 0, 0, 0.91%, 0, 0, 9, 729.27
1585645404, 29, 145, 150, 0, 0, 0.91%, 0, 0, 9, 738.28
1585645409, 29, 146, 150, 0, 0, 0.91%, 0, 0, 9, 627.45
1585645414, 30, 36, 150, 0, 0, 0.91%, 0, 0, 9, 727.96
1585645419, 30, 71, 150, 0, 0, 0.91%, 0, 0, 9, 761.52
1585645424, 30, 83, 150, 0, 0, 0.91%, 0, 0, 9, 718.04
1585645430, 30, 100, 150, 0, 0, 0.91%, 0, 0, 9, 752.13
1585645435, 30, 145, 150, 0, 0, 0.91%, 0, 0, 9, 724.27
1585645445, 31, 60, 150, 0, 0, 0.91%, 0, 0, 9, 759.68
1585645450, 31, 79, 150, 0, 0, 0.91%, 0, 0, 9, 735.60
1585645455, 31, 125, 150, 0, 0, 0.91%, 0, 0, 9, 682.97
1585645460, 31, 128, 150, 0, 0, 0.91%, 0, 0, 9, 712.42
1585645465, 32, 70, 150, 0, 0, 0.91%, 0, 0, 9, 748.79
1585645470, 32, 84, 150, 0, 0, 0.91%, 0, 0, 9, 738.60
1585645475, 33, 17, 150, 0, 0, 0.91%, 0, 0, 9, 655.47
1585645480, 33, 63, 150, 0, 0, 0.91%, 0, 0, 9, 603.03
1585645485, 33, 84, 150, 0, 0, 0.91%, 0, 0, 9, 634.63
1585645490, 33, 132, 150, 0, 0, 0.91%, 0, 0, 9, 670.23
1585645495, 34, 60, 150, 0, 0, 0.91%, 0, 0, 9, 717.04
1585645500, 34, 79, 150, 0, 0, 0.91%, 0, 0, 9, 748.73
1585645505, 34, 100, 150, 0, 0, 0.91%, 0, 0, 9, 713.96
1585645510, 35, 16, 150, 0, 0, 0.91%, 0, 0, 9, 651.50
1585645516, 35, 63, 150, 0, 0, 0.91%, 0, 0, 9, 559.31
1585645521, 35, 76, 150, 0, 0, 0.91%, 0, 0, 9, 574.11
1585645526, 35, 105, 150, 0, 0, 0.91%, 0, 0, 9, 663.65
1585645531, 35, 134, 150, 0, 0, 0.91%, 0, 0, 9, 695.70
1585645536, 35, 135, 150, 0, 0, 0.91%, 0, 0, 9, 633.53
1585645541, 36, 67, 150, 0, 0, 0.91%, 0, 0, 9, 576.53
1585645546, 36, 75, 150, 0, 0, 0.91%, 0, 0, 9, 551.15
1585645551, 36, 100, 150, 0, 0, 0.91%, 0, 0, 9, 533.88
1585645556, 37, 55, 150, 0, 0, 0.91%, 0, 0, 9, 566.89
1585645561, 37, 75, 150, 0, 0, 0.91%, 0, 0, 9, 577.87
1585645566, 37, 100, 150, 0, 0, 0.91%, 0, 0, 9, 682.65
1585645571, 38, 4, 150, 0, 0, 0.91%, 0, 0, 9, 535.72
1585645576, 38, 59, 150, 0, 0, 0.91%, 0, 0, 9, 551.31
1585645581, 38, 75, 150, 0, 0, 0.91%, 0, 0, 9, 549.89
1585645586, 38, 100, 150, 0, 0, 0.91%, 0, 0, 9, 559.09
1585645591, 38, 110, 150, 0, 0, 0.91%, 0, 0, 9, 584.45
1585645597, 38, 145, 150, 0, 0, 0.91%, 0, 0, 9, 631.89
1585645602, 39, 9, 150, 0, 0, 0.91%, 0, 0, 9, 712.40
1585645607, 39, 63, 150, 0, 0, 0.91%, 0, 0, 9, 638.14
1585645612, 39, 79, 150, 0, 0, 0.91%, 0, 0, 9, 597.68
1585645617, 39, 146, 150, 0, 0, 0.91%, 0, 0, 9, 501.59
1585645622, 39, 148, 150, 0, 0, 0.91%, 0, 0, 9, 545.13
1585645632, 40, 63, 150, 0, 0, 0.91%, 0, 0, 9, 662.43
1585645637, 40, 84, 150, 0, 0, 0.91%, 0, 0, 9, 593.79
1585645643, 40, 125, 150, 0, 0, 0.91%, 0, 0, 9, 725.57
1585645648, 40, 146, 150, 0, 0, 0.91%, 0, 0, 9, 674.41
1585645653, 41, 47, 150, 0, 0, 0.91%, 0, 0, 9, 718.39
1585645658, 41, 76, 150, 0, 0, 0.91%, 0, 0, 9, 757.99
1585645663, 41, 96, 150, 0, 0, 0.91%, 0, 0, 9, 787.26
1585645668, 41, 142, 150, 0, 0, 0.91%, 0, 0, 9, 773.45
1585645678, 41, 144, 150, 0, 0, 0.91%, 0, 0, 9, 731.21
1585645689, 41, 149, 150, 0, 0, 0.91%, 0, 0, 9, 680.06
1585645699, 42, 60, 150, 0, 0, 0.91%, 0, 0, 9, 614.15
1585645704, 42, 79, 150, 0, 0, 0.91%, 0, 0, 9, 599.03
1585645709, 42, 121, 150, 0, 0, 0.91%, 0, 0, 9, 601.96
1585645714, 43, 0, 150, 0, 0, 0.91%, 0, 0, 9, 525.45
1585645719, 43, 60, 150, 0, 0, 0.91%, 0, 0, 9, 495.57
1585645724, 43, 76, 150, 0, 0, 0.91%, 0, 0, 9, 601.73
1585645729, 43, 91, 150, 0, 0, 0.91%, 0, 0, 9, 648.38
1585645734, 44, 15, 150, 0, 0, 0.91%, 0, 0, 9, 623.66
1585645739, 44, 60, 150, 0, 0, 0.91%, 0, 0, 9, 590.84
1585645744, 44, 75, 150, 0, 0, 0.91%, 0, 0, 9, 585.30
1585645749, 44, 84, 150, 0, 0, 0.91%, 0, 0, 9, 667.27
1585645754, 44, 136, 150, 0, 0, 0.91%, 0, 0, 9, 689.96
1585645759, 45, 31, 150, 0, 0, 0.91%, 0, 0, 9, 741.00
1585645764, 45, 63, 150, 0, 0, 0.91%, 0, 0, 9, 731.38
1585645770, 45, 79, 150, 0, 0, 0.91%, 0, 0, 9, 744.01
1585645775, 45, 119, 150, 0, 0, 0.91%, 0, 0, 9, 611.81
1585645780, 45, 131, 150, 0, 0, 0.91%, 0, 0, 9, 646.88
1585645785, 46, 71, 150, 0, 0, 0.91%, 0, 0, 9, 691.20
1585645790, 46, 84, 150, 0, 0, 0.91%, 0, 0, 9, 595.95
1585645795, 46, 116, 150, 0, 0, 0.91%, 0, 0, 9, 672.00
1585645800, 46, 124, 150, 0, 0, 0.91%, 0, 0, 9, 569.11
1585645805, 47, 4, 150, 0, 0, 0.91%, 0, 0, 9, 552.24
1585645810, 47, 54, 150, 0, 0, 0.91%, 0, 0, 9, 570.73
1585645815, 47, 74, 150, 0, 0, 0.91%, 0, 0, 9, 557.36
1585645821, 47, 84, 150, 0, 0, 0.91%, 0, 0, 9, 547.03
1585645826, 47, 123, 150, 0, 0, 0.91%, 0, 0, 9, 507.43
1585645831, 47, 149, 150, 0, 0, 0.91%, 0, 0, 9, 470.79
1585645841, 48, 63, 150, 0, 0, 0.91%, 0, 0, 9, 696.73
1585645846, 48, 76, 150, 0, 0, 0.91%, 0, 0, 9, 707.39
1585645851, 49, 4, 150, 0, 0, 0.91%, 0, 0, 9, 600.66
1585645856, 49, 50, 150, 0, 0, 0.91%, 0, 0, 9, 558.22
1585645861, 49, 72, 150, 0, 0, 0.91%, 0, 0, 9, 573.79
1585645866, 49, 88, 150, 0, 0, 0.91%, 0, 0, 9, 730.19
1585645872, 49, 128, 150, 0, 0, 0.91%, 0, 0, 9, 741.41
1585645877, 50, 60, 150, 0, 0, 0.91%, 0, 0, 9, 764.13
1585645882, 50, 79, 150, 0, 0, 0.91%, 0, 0, 9, 743.96
1585645887, 50, 102, 150, 0, 0, 0.91%, 0, 0, 9, 660.66
1585645892, 51, 60, 150, 0, 0, 0.91%, 0, 0, 9, 722.78
1585645897, 51, 76, 150, 0, 0, 0.91%, 0, 0, 9, 739.79
1585645902, 51, 100, 150, 0, 0, 0.91%, 0, 0, 9, 743.02
1585645907, 51, 135, 150, 0, 0, 0.91%, 0, 0, 9, 604.51
1585645912, 52, 66, 150, 0, 0, 0.91%, 0, 0, 9, 641.58
1585645918, 52, 83, 150, 0, 0, 0.91%, 0, 0, 9, 695.71
1585645923, 52, 109, 150, 0, 0, 0.91%, 0, 0, 9, 574.94
1585645928, 52, 134, 150, 0, 0, 0.91%, 0, 0, 9, 575.31
1585645933, 53, 71, 150, 0, 0, 0.91%, 0, 0, 9, 575.26
1585645938, 53, 84, 150, 0, 0, 0.91%, 0, 0, 9, 563.37
1585645943, 54, 4, 150, 0, 0, 0.91%, 0, 0, 9, 630.14
1585645948, 54, 57, 150, 0, 0, 0.91%, 0, 0, 9, 660.65
1585645953, 54, 75, 150, 0, 0, 0.91%, 0, 0, 9, 696.45
1585645958, 54, 105, 150, 0, 0, 0.91%, 0, 0, 9, 665.26
1585645963, 54, 148, 150, 0, 0, 0.91%, 0, 0, 9, 667.70
1585645973, 55, 63, 150, 0, 0, 0.91%, 0, 0, 9, 717.91
1585645979, 55, 79, 150, 0, 0, 0.91%, 0, 0, 9, 714.67
1585645984, 55, 118, 150, 0, 0, 0.91%, 0, 0, 9, 598.61
1585645989, 56, 60, 150, 0, 0, 0.91%, 0, 0, 9, 688.54
1585645994, 56, 76, 150, 0, 0, 0.91%, 0, 0, 9, 710.53
1585645999, 56, 121, 150, 0, 0, 0.91%, 0, 0, 9, 721.11
1585646004, 56, 147, 150, 0, 0, 0.91%, 0, 0, 9, 711.71
1585646014, 57, 4, 150, 0, 0, 0.91%, 0, 0, 9, 532.75
1585646019, 57, 71, 150, 0, 0, 0.91%, 0, 0, 9, 643.40
1585646024, 57, 81, 150, 0, 0, 0.91%, 0, 0, 9, 689.92
1585646029, 57, 106, 150, 0, 0, 0.91%, 0, 0, 9, 702.10
1585646034, 58, 52, 150, 0, 0, 0.91%, 0, 0, 9, 695.73
1585646039, 58, 70, 150, 0, 0, 0.91%, 0, 0, 9, 702.95
1585646044, 58, 100, 150, 0, 0, 0.91%, 0, 0, 9, 724.25
1585646049, 58, 104, 150, 0, 0, 0.91%, 0, 0, 9, 707.10
1585646054, 58, 145, 150, 0, 0, 0.91%, 0, 0, 9, 695.76
1585646059, 59, 60, 150, 0, 0, 0.91%, 0, 0, 9, 702.30
1585646064, 59, 79, 150, 0, 0, 0.91%, 0, 0, 9, 748.57
1585646069, 60, 34, 150, 0, 0, 0.91%, 0, 0, 9, 680.10
1585646074, 60, 63, 150, 0, 0, 0.91%, 0, 0, 9, 598.52
1585646079, 60, 79, 150, 0, 0, 0.91%, 0, 0, 9, 599.83
1585646084, 60, 100, 150, 0, 0, 0.91%, 0, 0, 9, 550.59
1585646089, 60, 111, 150, 0, 0, 0.91%, 0, 0, 9, 547.10
1585646094, 61, 42, 150, 0, 0, 0.91%, 0, 0, 9, 580.47
1585646099, 61, 68, 150, 0, 0, 0.91%, 0, 0, 9, 725.80
1585646105, 61, 79, 150, 0, 0, 0.91%, 0, 0, 9, 603.49
1585646110, 61, 100, 150, 0, 0, 0.91%, 0, 0, 9, 540.88
1585646115, 61, 150, 151, 1, 0, 0.91%, 0, 0, 9, 562.68
1585652070, 62, 4, 151, 0, 0, 0.91%, 0, 0, 9, 301.09
1585652076, 62, 60, 151, 0, 0, 0.91%, 0, 0, 9, 467.36
1585652081, 62, 79, 151, 0, 0, 0.91%, 0, 0, 9, 539.52
1585652086, 62, 100, 151, 0, 0, 0.91%, 0, 0, 9, 559.79
1585652091, 62, 144, 151, 0, 0, 0.91%, 0, 0, 9, 520.14
1585652101, 63, 26, 151, 0, 0, 0.91%, 0, 0, 9, 657.32
1585652106, 63, 71, 151, 0, 0, 0.91%, 0, 0, 9, 584.95
1585652111, 63, 84, 151, 0, 0, 0.91%, 0, 0, 9, 570.10
1585652116, 63, 115, 151, 0, 0, 0.91%, 0, 0, 9, 498.28
1585652121, 63, 138, 151, 0, 0, 0.91%, 0, 0, 9, 630.43
1585652126, 64, 63, 151, 0, 0, 0.91%, 0, 0, 9, 586.63
1585652131, 64, 84, 151, 0, 0, 0.91%, 0, 0, 9, 579.75
1585652136, 64, 103, 151, 0, 0, 0.91%, 0, 0, 9, 672.15
1585652141, 64, 125, 151, 0, 0, 0.91%, 0, 0, 9, 665.61
1585652146, 65, 26, 151, 0, 0, 0.91%, 0, 0, 9, 673.27
1585652152, 65, 59, 151, 0, 0, 0.91%, 0, 0, 9, 599.13
1585652157, 65, 75, 151, 0, 0, 0.91%, 0, 0, 9, 567.70
1585652162, 65, 100, 151, 0, 0, 0.91%, 0, 0, 9, 614.55
1585652167, 65, 124, 151, 0, 0, 0.91%, 0, 0, 9, 702.79
1585652172, 66, 71, 151, 0, 0, 0.91%, 0, 0, 9, 655.40
1585652177, 66, 84, 151, 0, 0, 0.91%, 0, 0, 9, 619.83
1585652182, 66, 107, 151, 0, 0, 0.91%, 0, 0, 9, 518.89
1585652187, 66, 117, 151, 0, 0, 0.91%, 0, 0, 9, 516.30
1585652193, 66, 147, 151, 0, 0, 0.91%, 0, 0, 9, 551.81
1585652203, 67, 60, 151, 0, 0, 0.91%, 0, 0, 9, 714.12
1585652208, 67, 79, 151, 0, 0, 0.91%, 0, 0, 9, 738.26
1585652213, 67, 100, 151, 0, 0, 0.91%, 0, 0, 9, 699.65
1585652218, 68, 63, 151, 0, 0, 0.91%, 0, 0, 9, 731.42
1585652223, 68, 79, 151, 0, 0, 0.91%, 0, 0, 9, 753.22
1585652228, 68, 129, 151, 0, 0, 0.91%, 0, 0, 9, 694.42
1585652233, 69, 60, 151, 0, 0, 0.91%, 0, 0, 9, 652.76
1585652238, 69, 75, 151, 0, 0, 0.91%, 0, 0, 9, 693.02
1585652243, 69, 83, 152, 1, 0, 0.91%, 0, 0, 9, 548.23
1585652248, 69, 100, 152, 1, 0, 0.91%, 0, 0, 9, 499.82
1585652253, 69, 144, 152, 1, 0, 0.91%, 0, 0, 9, 494.45
1585652264, 69, 150, 152, 1, 0, 0.91%, 0, 0, 9, 387.76
1585652269, 69, 151, 152, 1, 0, 0.91%, 0, 0, 9, 208.35
1585678470, 70, 54, 152, 0, 0, 0.91%, 0, 0, 9, 623.09
1585678475, 70, 79, 152, 0, 0, 0.91%, 0, 0, 9, 802.64
1585678481, 70, 145, 152, 0, 0, 0.91%, 0, 0, 9, 819.12
1585678486, 71, 71, 152, 0, 0, 0.91%, 0, 0, 9, 818.01
1585678491, 71, 94, 152, 0, 0, 0.91%, 0, 0, 9, 831.65
1585678496, 71, 130, 152, 0, 0, 0.91%, 0, 0, 9, 792.21
1585678501, 71, 140, 152, 0, 0, 0.91%, 0, 0, 9, 850.52
1585678506, 72, 15, 152, 0, 0, 0.91%, 0, 0, 9, 832.89
1585678511, 72, 63, 152, 0, 0, 0.91%, 0, 0, 9, 838.84
1585678516, 72, 79, 152, 0, 0, 0.91%, 0, 0, 9, 847.36
1585678521, 72, 124, 152, 0, 0, 0.91%, 0, 0, 9, 809.94
1585678527, 73, 63, 152, 0, 0, 0.91%, 0, 0, 9, 856.64
1585678532, 73, 100, 152, 0, 0, 0.91%, 0, 0, 9, 850.44
1585678537, 74, 4, 152, 0, 0, 0.91%, 0, 0, 9, 821.66
1585678542, 74, 76, 152, 0, 0, 0.91%, 0, 0, 9, 828.70
1585678547, 74, 118, 152, 0, 0, 0.91%, 0, 0, 9, 806.58
1585678552, 74, 135, 152, 0, 0, 0.91%, 0, 0, 9, 831.86
1585678557, 75, 71, 152, 0, 0, 0.91%, 0, 0, 9, 839.55
1585678562, 75, 84, 152, 0, 0, 0.91%, 0, 0, 9, 849.90
1585678567, 75, 129, 152, 0, 0, 0.91%, 0, 0, 9, 812.15
1585678572, 75, 140, 152, 0, 0, 0.91%, 0, 0, 9, 815.37
1585678577, 75, 148, 152, 0, 0, 0.91%, 0, 0, 9, 716.11
1585678582, 76, 37, 152, 0, 0, 0.91%, 0, 0, 9, 768.26
1585678588, 76, 71, 152, 0, 0, 0.91%, 0, 0, 9, 827.76
1585678593, 76, 100, 152, 0, 0, 0.91%, 0, 0, 9, 772.88
1585678598, 77, 35, 152, 0, 0, 0.91%, 0, 0, 9, 767.69
1585678603, 77, 79, 152, 0, 0, 0.91%, 0, 0, 9, 852.00
1585678608, 77, 122, 152, 0, 0, 0.91%, 0, 0, 9, 843.80
1585678613, 78, 63, 152, 0, 0, 0.91%, 0, 0, 9, 837.70
1585678618, 78, 79, 152, 0, 0, 0.91%, 0, 0, 9, 824.64
1585678623, 78, 102, 152, 0, 0, 0.91%, 0, 0, 9, 811.21
1585678628, 78, 151, 153, 1, 0, 0.91%, 0, 0, 9, 730.53
1585678633, 78, 152, 153, 1, 0, 0.91%, 0, 0, 9, 390.06
1585679409, 78, 152, 154, 2, 0, 0.91%, 0, 0, 9, 171.40
1585746841, 78, 153, 154, 1, 0, 0.91%, 0, 0, 9, 244.31
1585781449, 78, 153, 155, 2, 0, 0.91%, 0, 0, 9, 283.48
