
0 0
5 43
10 43
15 43
20 43
26 43
31 43
41 43
46 43
51 43
56 43
72 43
77 43
82 43
87 43
97 43
103 43
113 43
184 43
236 43
277 43
354 43
2393 43
2403 43
2408 43
2456 43
2461 43
2466 43
2476 43
2507 43
2553 43
2584 43
2702 43
2713 43
2718 43
2738 43
2857 43
2867 43
2929 43
2949 43
3000 43
3036 43
3138 43
3251 43
3477 43
3636 43
4593 43
6238 43
6755 43
7929 43
7980 43
8211 43
8216 43
9311 43
9316 43
9831 43
10853 43
11973 43
11978 43
12281 43
12975 43
14759 43
14810 43
16237 43
16262 43
17076 43
17086 43
17251 43
17513 43
18858 43
18976 43
19859 43
20145 43
20861 43
20866 43
20917 43
20922 43
21261 43
21282 43
21712 43
22165 43
22191 43
22201 43
22924 43
22929 43
22939 43
22991 43
23038 43
23089 43
23243 43
23346 43
23521 43
23526 43
23819 43
23825 43
23835 43
23887 43
23892 43
23902 43
23913 43
23923 43
23990 43
24000 43
24077 43
24693 43
24821 43
24826 43
24878 43
26347 43
26352 43
26409 43
26414 43
26982 43
27039 43
27085 43
27137 43
27188 43
27198 43
27204 43
27214 43
27219 43
27224 43
27229 43
27270 43
27532 43
27594 43
27604 43
27609 43
27770 43
27775 43
27821 43
27873 43
27883 43
27934 43
28001 43
28012 43
28017 43
28069 43
28079 43
28084 43
28094 43
28099 43
28109 43
28135 43
28166 43
28187 43
28254 43
28306 43
28373 43
28424 43
28450 43
29056 43
29108 43
29149 43
29195 43
29221 43
29241 43
29293 43
29298 43
29339 43
29365 43
29396 43
29401 43
29436 43
29529 43
29801 43
29811 43
29821 43
29975 43
29980 43
29991 43
30001 43
30016 43
30335 43
30386 43
30433 43
30484 43
33531 43
34035 43
34081 43
34908 43
34949 43
34990 43
35042 43
35063 43
35125 43
35470 43
35563 43
35588 43
35593 43
35604 43
35816 43
35862 43
35878 43
36099 43
36104 43
36135 43
36161 43
36335 43
36366 43
36386 43
39335 43
39381 43
39417 43
41323 43
41364 43
41410 43
41441 43
41446 43
41482 43
41523 43
41533 43
41565 43
41930 43
41935 43
43402 43
46171 43
46499 43
46617 43
46638 43
46653 43
46658 43
46668 43
46674 43
46689 43
46710 43
46735 43
46771 43
47867 43
47904 43
49771 43
49812 43
49858 43
49889 43
49915 43
49940 43
49966 43
49971 43
49976 43
49997 43
50027 43
50063 43
50119 43
50181 43
50299 43
50444 43
50480 43
50522 43
50548 43
50594 43
50625 43
50676 43
50702 43
50754 43
50795 43
50841 43
50857 43
50877 43
50985 43
51036 43
51088 43
51114 43
51130 43
51161 43
51191 43
51237 43
51284 43
51335 43
51381 43
51427 43
51474 43
51509 43
51695 43
51915 43
52007 43
52069 43
52600 43
52698 43
53305 43
53331 43
53352 43
53377 43
53403 43
53418 43
53433 43
53459 43
53485 43
53701 43
53737 43
53747 43
53787 43
53818 43
53844 43
53880 43
53921 43
54281 43
54373 43
54830 43
54856 43
54881 43
54907 43
54933 43
54964 43
54994 43
55031 43
55067 43
55097 43
55128 43
55159 43
55190 43
55221 43
55277 43
55313 43
55344 43
56898 43
56919 43
56965 43
57012 43
57027 43
57042 43
57223 43
57269 43
57305 43
57351 43
57392 43
57443 43
57494 43
57535 43
57643 43
57710 43
57735 43
58270 43
58301 43
58326 43
58367 43
58413 43
58459 43
58505 43
58547 43
58598 43
58655 43
58692 43
58713 43
58739 43
58780 43
58811 43
58836 43
59186 43
59222 43
59248 43
59274 43
59305 43
59341 43
59346 43
59377 43
60456 43
60533 43
62454 43
62496 43
62527 43
62548 43
62599 43
62620 43
62640 43
62661 43
62687 43
62712 43
62733 43
62763 43
62799 43
62835 43
62886 43
62928 43
63015 43
63040 43
63092 43
63118 43
63149 43
63174 43
63200 43
63231 43
63257 43
63298 43
63318 43
63344 43
63385 43
63432 43
63483 43
63519 43
63545 43
63555 43
63570 43
63596 43
63627 43
63642 43
63658 43
64849 43
64890 43
64916 43
64952 43
64988 43
64993 43
65034 43
65065 43
66054 43
66176 43
66243 43
68163 43
68189 43
68241 43
68267 43
68297 43
68323 43
68348 43
68369 43
68400 43
68446 43
68492 43
70547 43
70588 43
70619 43
71405 43
71431 43
71462 43
71493 43
71529 43
71565 43
71596 43
71606 43
71621 43
71657 43
71698 43
71750 43
71806 43
71863 43
71899 43
71950 43
71971 43
71976 43
71991 43
72012 43
72038 43
72063 43
72089 43
72161 43
72192 43
72223 43
72249 43
72301 43
72342 43
72378 43
72414 43
72450 43
72569 43
72687 43
72805 43
72826 43
72846 43
72867 43
72898 43
72918 43
72949 43
72969 43
73006 43
73031 43
73062 43
73093 43
73103 43
73134 43
73175 43
74859 43
74864 43
74890 43
74915 43
74941 43
74972 43
75572 43
75608 43
75649 43
75727 43
75758 43
75794 43
75819 43
75845 43
75875 43
75906 43
75952 43
76230 43
76266 43
76292 43
76307 43
76359 43
76395 43
76441 43
76482 43
76518 43
76544 43
76575 43
76611 43
76652 43
76709 43
76812 43
76827 43
76838 43
76853 43
76879 43
76899 43
76930 43
76955 43
76961 43
76986 43
77012 43
77054 43
77084 43
77109 43
77145 43
77202 43
77237 43
77258 43
77278 43
77294 43
77319 43
77345 43
77371 43
77402 43
77427 43
77463 43
77504 43
77551 43
77586 43
77627 43
77668 43
77704 43
77725 43
77735 43
77761 43
77797 43
77838 43
77884 43
77925 43
77956 43
77997 43
78039 43
78070 43
78100 43
78126 43
78161 43
78172 43
78187 43
78208 43
78224 43
78255 43
78280 43
78311 43
78367 43
78403 43
78439 43
78471 43
78506 43
78542 43
78604 43
78619 43
78640 43
78650 43
78676 43
78706 43
78748 43
78778 43
78804 43
78835 43
78861 43
78892 43
78917 43
78953 43
79180 43
79231 43
79287 43
79318 43
79359 43
79390 43
79416 43
79462 43
79503 43
79546 43
79592 43
79633 43
79663 43
79694 43
79734 43
79776 43
79817 43
79837 43
79868 43
79894 43
79919 43
79945 43
79981 43
80017 43
80043 43
80068 43
80099 43
80135 43
80166 43
80196 43
80222 43
80243 43
80268 43
80299 43
80319 43
80345 43
80376 43
80402 43
80437 43
80468 43
80494 43
80520 43
80545 43
80576 43
80612 43
80637 43
87156 43
87233 43
87259 43
87280 43
87300 43
87315 43
87341 43
87356 43
87376 43
87409 43
87429 43
87450 43
87470 43
87491 43
87511 43
87532 43
87568 43
87598 43
87624 43
87650 43
87733 43
88736 43
99325 43
99458 43
99489 43
117576 43
119587 43
119664 43
119972 43
120182 43
120223 43
173346 43
173669 43
210283 43
210380 43
210396 43
210411 43
210437 43
210463 43
210483 43
210504 43
210524 43
210550 43
210576 43
210606 43
210632 43
210657 43
210708 43
210734 43
210749 43
210774 43
218294 43
272915 43
272936 43
272946 43
272961 43
272982 43
272992 43
273012 43
273033 43
273048 43
273069 43
273110 43
273130 43
273151 43
273177 43
273207 43
273238 43
273279 43
273371 43
273387 43
273407 43
273422 43
273442 43
273468 43
273494 43
273519 43
273540 43
273565 43
273586 43
273616 43
273647 43
273699 43
285197 43
285279 43
285295 43
285315 43
285326 43
285336 43
285356 43
285372 43
285397 43
285428 43
285448 43
285484 43
285505 43
285530 43
285561 43
285576 43
285603 43
285623 43
285633 43
285654 43
285669 43
285690 43
285711 43
285736 43
285767 43
285792 43
285818 43
285843 43
285906 43
285936 43
286008 43
315140 43
315170 43
315186 43
315201 43
315227 43
315247 43
315268 43
315288 43
315325 43
315340 43
315361 43
315392 43
315423 43
315535 43
351508 43
351529 43
351544 43
351560 43
351580 43
351596 43
351616 43
351636 43
351652 43
351672 43
351698 43
351728 43
351754 43
351779 43
351811 43
351846 43
351892 43
393392 43
393402 43
393418 43
393433 43
393454 43
393474 43
393505 43
393530 43
393556 43
393581 43
393617 43
393658 43
393755 43
393770 43
393791 43
393816 43
393832 43
393858 43
393878 43
393904 43
393924 43
393955 43
393985 43
394011 43
394057 43
394155 43
394181 43
394186 43
394197 43
394212 43
394233 43
394258 43
394289 43
394320 43
394351 43
394376 43
394402 43
394417 43
394438 43
394459 43
394479 43
394505 43
394530 43
394551 43
394571 43
394592 43
394623 43
394648 43
394668 43
394694 43
394715 43
394741 43
394771 43
394797 43
394889 43
394915 43
394930 43
394951 43
394971 43
394986 43
395012 43
395032 43
395063 43
395094 43
395125 43
395150 43
395176 43
395201 43
395222 43
395237 43
395253 43
395278 43
395309 43
395330 43
395350 43
395376 43
395401 43
395427 43
395463 43
395494 43
395525 43
395540 43
395555 43
395571 43
395591 43
395617 43
395642 43
395663 43
395688 43
395714 43
395740 43
395760 43
395791 43
395827 43
395878 43
395930 43
395961 43
396018 43
396105 43
396120 43
396141 43
396156 43
396177 43
396192 43
396212 43
396243 43
396263 43
396289 43
396315 43
396340 43
396366 43
396392 43
396489 43
396510 43
396535 43
396556 43
396576 43
396597 43
396622 43
396653 43
396674 43
396699 43
396720 43
396756 43
396781 43
396818 43
408776 43
408842 43
408863 43
408883 43
408898 43
408919 43
408939 43
408960 43
408981 43
409006 43
409043 43
409069 43
409094 43
409120 43
409145 43
409182 43
409278 43
409299 43
409309 43
409325 43
409350 43
409371 43
409397 43
409427 43
409443 43
409463 43
409484 43
409509 43
409540 43
409561 43
409586 43
409612 43
409642 43
409714 43
409734 43
409750 43
409760 43
409780 43
409801 43
409826 43
409852 43
409878 43
409903 43
409924 43
409950 43
409975 43
410001 43
410031 43
410067 43
410187 43
410219 43
410230 43
410250 43
410265 43
410291 43
410311 43
410337 43
410342 43
410358 43
410389 43
410409 43
410435 43
410460 43
410481 43
410599 43
410615 43
410625 43
410646 43
410666 43
410687 43
410707 43
410733 43
410748 43
410769 43
410795 43
410815 43
410852 43
410877 43
410898 43
410928 43
410939 43
410969 43
410985 43
411015 43
411031 43
411052 43
411072 43
411097 43
411129 43
411154 43
411185 43
411211 43
411236 43
411344 43
411365 43
411375 43
411395 43
411411 43
411431 43
411452 43
411472 43
411503 43
411529 43
411550 43
411581 43
411611 43
411637 43
411735 43
411838 43
411859 43
411869 43
411895 43
411915 43
411936 43
411956 43
411977 43
411997 43
412028 43
412059 43
412085 43
412110 43
412141 43
412172 43
412192 43
412279 43
412295 43
412320 43
412331 43
412351 43
412372 43
412392 43
412413 43
412433 43
412459 43
412489 43
412520 43
412555 43
412648 43
412669 43
412695 43
412725 43
412735 43
412751 43
412777 43
412797 43
412823 43
412843 43
412869 43
412895 43
412928 43
412958 43
412984 43
413030 43
413051 43
413072 43
413082 43
413113 43
413139 43
413164 43
413185 43
413206 43
413231 43
413273 43
413293 43
413325 43
413356 43
413371 43
413387 43
413397 43
413407 43
413438 43
413458 43
413484 43
413505 43
413530 43
413556 43
413582 43
413607 43
413649 43
413674 43
413705 43
413751 43
413766 43
413786 43
413817 43
413828 43
413843 43
413863 43
413879 43
413904 43
413924 43
413950 43
413986 43
414012 43
414044 43
414090 43
414100 43
414115 43
414125 43
414151 43
414171 43
414197 43
414218 43
414238 43
414259 43
414284 43
414315 43
414351 43
414443 43
414465 43
414475 43
414495 43
414516 43
414536 43
414557 43
414577 43
414603 43
414624 43
414649 43
414675 43
414701 43
414721 43
414747 43
414762 43
414799 43
414813 43
414833 43
414859 43
414880 43
414910 43
414941 43
414961 43
415028 43
415043 43
415074 43
415089 43
415110 43
415125 43
415150 43
415181 43
415207 43
415227 43
415258 43
415283 43
415309 43
415350 43
415443 43
415468 43
415489 43
415504 43
415525 43
415545 43
415570 43
415591 43
415617 43
415643 43
415663 43
415688 43
415703 43
415724 43
415734 43
415744 43
415771 43
415786 43
415807 43
415832 43
415853 43
415873 43
415894 43
415919 43
415945 43
415971 43
415986 43
415996 43
416007 43
416032 43
416053 43
416084 43
416109 43
416140 43
416166 43
416197 43
416263 43
416279 43
416294 43
416299 43
416330 43
416345 43
416361 43
416386 43
416412 43
416432 43
416458 43
416484 43
416504 43
416535 43
416576 43
416591 43
416612 43
416627 43
416642 43
416673 43
416693 43
416719 43
416724 43
416739 43
416760 43
416785 43
416816 43
416851 43
416871 43
416932 43
416953 43
416963 43
416984 43
417015 43
417040 43
417060 43
417081 43
417102 43
417127 43
417158 43
417179 43
417205 43
417225 43
417328 43
417415 43
417440 43
417461 43
417481 43
417492 43
417512 43
417527 43
417548 43
417574 43
417599 43
417620 43
417641 43
417661 43
417686 43
417712 43
417742 43
417763 43
417850 43
417861 43
417876 43
417907 43
417927 43
417948 43
417973 43
417994 43
418019 43
418045 43
418070 43
418096 43
418122 43
418137 43
418147 43
418168 43
418178 43
418189 43
418214 43
418245 43
418265 43
418296 43
418317 43
418343 43
418384 43
418409 43
418440 43
418461 43
418481 43
418491 43
418507 43
418517 43
418543 43
418563 43
418584 43
418605 43
418636 43
418666 43
418692 43
418722 43
418738 43
418769 43
418779 43
418789 43
418800 43
418815 43
418835 43
418861 43
418876 43
418897 43
418917 43
418943 43
418964 43
418989 43
419004 43
419035 43
419061 43
419163 43
419194 43
419204 43
419219 43
419234 43
419245 43
419270 43
419291 43
419316 43
419342 43
419368 43
419394 43
419414 43
419440 43
419460 43
419486 43
419542 43
419558 43
419568 43
419594 43
419614 43
419635 43
419661 43
419691 43
419717 43
419737 43
419763 43
419789 43
419814 43
419845 43
419870 43
419962 43
419977 43
419988 43
420008 43
420024 43
420039 43
420070 43
420090 43
420111 43
420136 43
420162 43
420182 43
420202 43
420228 43
420254 43
420269 43
420371 43
420387 43
420402 43
420428 43
420459 43
420484 43
420505 43
420531 43
420561 43
420587 43
420618 43
420705 43
420730 43
420751 43
420772 43
420792 43
420813 43
420838 43
420859 43
420879 43
420905 43
420930 43
420961 43
420987 43
421012 43
421058 43
421156 43
421222 43
421233 43
421253 43
421273 43
421294 43
421309 43
421330 43
421355 43
421376 43
421401 43
421427 43
421458 43
421484 43
421509 43
421524 43
421540 43
421550 43
421571 43
421591 43
421611 43
421632 43
421652 43
421672 43
421708 43
421739 43
421770 43
421816 43
421831 43
421862 43
421878 43
421888 43
421908 43
421934 43
421954 43
421975 43
422000 43
422026 43
422052 43
422098 43
422119 43
422140 43
422155 43
422170 43
422185 43
422206 43
422231 43
422252 43
422277 43
422293 43
422323 43
422349 43
422379 43
422405 43
422430 43
422517 43
422604 43
422619 43
422640 43
422655 43
422676 43
422691 43
422717 43
422737 43
422758 43
422779 43
422799 43
422825 43
422856 43
422882 43
422912 43
422933 43
422948 43
422969 43
422994 43
423010 43
423025 43
423045 43
423072 43
423092 43
423107 43
423128 43
423133 43
423154 43
423179 43
423205 43
423236 43
423262 43
423287 43
423380 43
423400 43
423415 43
423431 43
423451 43
423467 43
423482 43
423508 43
423533 43
423554 43
423574 43
423606 43
423626 43
423652 43
423677 43
423703 43
423728 43
423779 43
423794 43
423810 43
423825 43
423851 43
423871 43
423897 43
423923 43
423948 43
423974 43
423995 43
424020 43
424041 43
424072 43
424097 43
424118 43
424128 43
424143 43
424164 43
424184 43
424205 43
424235 43
424266 43
424292 43
424317 43
424338 43
424446 43
424467 43
424483 43
424498 43
424524 43
424544 43
424565 43
424591 43
424611 43
424642 43
424668 43
424698 43
424724 43
424750 43
424781 43
424802 43
424832 43
424858 43
424909 43
425006 43
425027 43
425047 43
425058 43
425073 43
425094 43
425114 43
425135 43
425155 43
425181 43
425206 43
425232 43
425257 43
425283 43
425375 43
425401 43
425482 43
425514 43
425534 43
425544 43
425560 43
425575 43
425595 43
425616 43
425637 43
425667 43
425688 43
425719 43
425744 43
425770 43
425795 43
425816 43
425826 43
425842 43
425867 43
425878 43
425898 43
425918 43
425944 43
425964 43
425985 43
426016 43
426047 43
426067 43
426103 43
426134 43
426155 43
426180 43
426196 43
426211 43
426237 43
426268 43
426283 43
426303 43
426324 43
426344 43
426364 43
426390 43
426421 43
426447 43
426462 43
426477 43
426498 43
426513 43
426529 43
426549 43
426575 43
426590 43
426610 43
426631 43
426651 43
426677 43
426703 43
426734 43
426759 43
426780 43
426806 43
426821 43
426831 43
426852 43
426868 43
426893 43
426909 43
426929 43
426950 43
426981 43
427006 43
427032 43
427057 43
427083 43
427124 43
427139 43
427165 43
427175 43
427186 43
427196 43
427211 43
427232 43
427252 43
427283 43
427304 43
427324 43
427355 43
427381 43
427406 43
427427 43
427452 43
427483 43
427581 43
427673 43
427683 43
427698 43
427714 43
427734 43
427765 43
427780 43
427806 43
427831 43
427857 43
427878 43
427903 43
427924 43
427954 43
427980 43
428005 43
428036 43
428133 43
428226 43
428252 43
428267 43
428277 43
428293 43
428308 43
428334 43
428359 43
428380 43
428400 43
428421 43
428446 43
428477 43
428503 43
428523 43
428544 43
428554 43
428569 43
428595 43
428616 43
428636 43
428656 43
428682 43
428703 43
428728 43
428749 43
428784 43
428810 43
428841 43
428861 43
428969 43
428984 43
428995 43
429020 43
429030 43
429056 43
429076 43
429097 43
429117 43
429148 43
429173 43
429194 43
429225 43
429245 43
429271 43
429291 43
429327 43
429358 43
429384 43
429404 43
429436 43
429461 43
429476 43
429487 43
429513 43
429533 43
429553 43
429574 43
429594 43
429610 43
429630 43
429651 43
429666 43
429697 43
429728 43
429754 43
429784 43
429820 43
429922 43
429938 43
429948 43
429963 43
429979 43
429999 43
430024 43
430050 43
430076 43
430096 43
430122 43
430148 43
430178 43
430209 43
430229 43
430255 43
430275 43
430296 43
430322 43
430343 43
430358 43
430374 43
430394 43
430410 43
430430 43
430435 43
430461 43
430481 43
430513 43
430549 43
430580 43
430590 43
430605 43
430626 43
430642 43
430662 43
430682 43
430698 43
430718 43
430738 43
430759 43
430784 43
430800 43
430830 43
430856 43
430881 43
430897 43
430917 43
430933 43
430959 43
430974 43
430994 43
431015 43
431035 43
431061 43
431086 43
431127 43
431153 43
431183 43
431209 43
431230 43
431317 43
431332 43
431343 43
431358 43
431384 43
431394 43
431414 43
431435 43
431455 43
431470 43
431496 43
431521 43
431547 43
431578 43
431604 43
431630 43
431655 43
431676 43
431691 43
431696 43
431712 43
431732 43
431747 43
431768 43
431794 43
431814 43
431845 43
431875 43
431901 43
431911 43
431931 43
431952 43
431978 43
432003 43
432029 43
432049 43
432070 43
432116 43
432141 43
432161 43
432187 43
432212 43
432299 43
432335 43
432346 43
432366 43
432386 43
432412 43
432443 43
432458 43
432474 43
432494 43
432515 43
432540 43
432581 43
432607 43
432633 43
432643 43
432669 43
432694 43
432723 43
432739 43
432754 43
432769 43
432790 43
432805 43
432825 43
432851 43
432876 43
432897 43
432912 43
432948 43
432974 43
433005 43
433025 43
433045 43
433066 43
433081 43
433102 43
433122 43
433143 43
433169 43
433189 43
433215 43
433245 43
433271 43
433297 43
433328 43
433369 43
433399 43
433445 43
433461 43
433481 43
433502 43
433522 43
433537 43
433558 43
433579 43
433594 43
433614 43
433655 43
433681 43
433707 43
433727 43
433753 43
433825 43
433840 43
433861 43
433871 43
433892 43
433928 43
433949 43
433969 43
433994 43
434020 43
434041 43
434076 43
434102 43
434117 43
434138 43
434158 43
434184 43
434195 43
434216 43
434231 43
434252 43
434272 43
434293 43
434324 43
434345 43
434370 43
434401 43
434432 43
434452 43
434488 43
434498 43
434524 43
434534 43
434549 43
434570 43
434596 43
434616 43
434647 43
434673 43
434709 43
434735 43
434760 43
434781 43
434802 43
434827 43
434843 43
434859 43
434879 43
434900 43
434936 43
434967 43
434992 43
435023 43
435049 43
435075 43
435105 43
435198 43
435223 43
435249 43
435275 43
435291 43
435311 43
435332 43
435352 43
435368 43
435393 43
435430 43
435456 43
435476 43
435502 43
435527 43
435553 43
