50382 50382 0
50382 50340 42
50382 50339 43
50382 50339 43
50382 50339 43
50382 50339 43
50382 50339 43
50382 50339 43
50382 50339 43
50382 50339 43
50382 50339 43
50382 50339 43
50382 50339 43
50382 50339 43
50382 50339 43
50382 50339 43
50382 50339 43
50382 50339 43
50382 50339 43
50382 50339 43
50382 50339 43
50382 50339 43
50382 50339 43
50382 50339 43
50382 50339 43
50382 50339 43
50382 50339 43
50382 50339 43
50382 50339 43
50382 50339 43
50382 50339 43
50382 50339 43
50382 50339 43
50382 50339 43
50382 50339 43
50382 50339 43
50382 50339 43
50382 50339 43
50382 50339 43
50382 50339 43
50382 50339 43
50382 50339 43
50382 50339 43
50382 50339 43
50382 50339 43
50382 50339 43
50382 50339 43
50382 50339 43
50382 50339 43
50382 50339 43
50382 50339 43
50382 50339 43
50382 50339 43
50382 50339 43
50382 50339 43
50382 50339 43
50382 50339 43
50382 50339 43
50382 50339 43
50382 50339 43
50382 50339 43
50382 50339 43
50382 50339 43
50382 50339 43
50382 50339 43
50382 50339 43
50382 50339 43
50382 50339 43
50382 50339 43
50382 50339 43
50382 50339 43
50382 50339 43
50382 50339 43
50382 50339 43
50382 50339 43
50382 50339 43
50382 50339 43
50382 50339 43
50382 50339 43
50382 50339 43
50382 50339 43
50382 50339 43
50382 50339 43
50382 50339 43
50382 50339 43
50382 50339 43
50382 50339 43
50382 50339 43
50382 50339 43
50382 50339 43
50382 50339 43
50382 50339 43
50382 50339 43
50382 50339 43
50382 50339 43
50382 50339 43
50382 50339 43
50382 50339 43
50382 50339 43
50382 50339 43
50382 50339 43
50382 50339 43
50382 50339 43
50382 50339 43
50382 50339 43
50382 50339 43
50382 50339 43
50382 50339 43
50382 50339 43
50382 50339 43
50382 50339 43
50382 50339 43
50382 50339 43
50382 50339 43
50382 50339 43
50382 50339 43
50382 50339 43
50382 50339 43
50382 50339 43
50382 50339 43
50382 50339 43
50382 50339 43
50382 50339 43
50382 50339 43
50382 50339 43
50382 50339 43
50382 50339 43
50382 50339 43
50382 50339 43
50382 50339 43
50382 50339 43
50382 50339 43
50382 50339 43
50382 50339 43
50382 50339 43
50382 50339 43
50382 50339 43
50382 50339 43
50382 50339 43
50382 50339 43
50382 50339 43
50382 50339 43
50382 50339 43
50382 50339 43
50382 50339 43
50382 50339 43
50382 50339 43
50382 50339 43
50382 50339 43
50382 50339 43
50382 50339 43
50382 50339 43
50382 50339 43
50382 50339 43
50382 50339 43
50382 50339 43
50382 50339 43
