225 225 0
225 183 42
225 182 43
225 182 43
225 182 43
225 182 43
225 182 43
225 182 43
225 182 43
225 182 43
225 182 43
225 182 43
225 182 43
225 182 43
225 182 43
225 182 43
225 182 43
225 182 43
225 182 43
225 182 43
225 182 43
225 182 43
225 182 43
225 182 43
225 182 43
225 182 43
225 182 43
225 182 43
225 182 43
225 182 43
225 182 43
225 182 43
225 182 43
225 182 43
225 182 43
225 182 43
225 182 43
225 182 43
225 182 43
225 182 43
225 182 43
225 182 43
225 182 43
225 182 43
225 182 43
225 182 43
225 182 43
225 182 43
225 182 43
225 182 43
225 182 43
225 182 43
225 182 43
225 182 43
225 182 43
225 182 43
225 182 43
225 182 43
225 182 43
225 182 43
225 182 43
225 182 43
225 182 43
225 182 43
225 182 43
225 182 43
225 182 43
225 182 43
225 182 43
225 182 43
225 182 43
225 182 43
225 182 43
225 182 43
225 182 43
225 182 43
225 182 43
225 182 43
225 182 43
225 182 43
225 182 43
225 182 43
225 182 43
225 182 43
225 182 43
225 182 43
225 182 43
225 182 43
225 182 43
225 182 43
225 182 43
225 182 43
225 182 43
225 182 43
225 182 43
225 182 43
225 182 43
225 182 43
225 182 43
225 182 43
225 182 43
225 182 43
225 182 43
225 182 43
225 182 43
225 182 43
225 182 43
225 182 43
225 182 43
225 182 43
225 182 43
225 182 43
225 182 43
225 182 43
225 182 43
225 182 43
225 182 43
225 182 43
225 182 43
225 182 43
225 182 43
225 182 43
225 182 43
225 182 43
225 182 43
225 182 43
225 182 43
225 182 43
225 182 43
225 182 43
225 182 43
225 182 43
225 182 43
225 182 43
225 182 43
225 182 43
225 182 43
225 182 43
225 182 43
225 182 43
225 182 43
225 182 43
225 182 43
225 182 43
225 182 43
225 182 43
225 182 43
225 182 43
225 182 43
225 182 43
225 182 43
225 182 43
